sample_index,time_s,voltage_v,raw_digitizing_level
3750,-4.999999999999999e-07,0.0296,37
3751,-4.995999999999998e-07,0.0296,37
3752,-4.991999999999998e-07,0.0296,37
3753,-4.987999999999998e-07,0.0296,37
3754,-4.983999999999998e-07,0.0296,37
3755,-4.979999999999999e-07,0.0296,37
3756,-4.975999999999999e-07,0.028800000000000003,36
3757,-4.971999999999999e-07,0.0296,37
3758,-4.967999999999998e-07,0.0296,37
3759,-4.963999999999998e-07,0.028800000000000003,36
3760,-4.959999999999998e-07,0.028800000000000003,36
3761,-4.955999999999998e-07,0.0296,37
3762,-4.951999999999999e-07,0.028800000000000003,36
3763,-4.947999999999999e-07,0.0296,37
3764,-4.943999999999999e-07,0.0296,37
3765,-4.939999999999998e-07,0.0304,38
3766,-4.935999999999998e-07,0.0296,37
3767,-4.931999999999998e-07,0.0296,37
3768,-4.927999999999998e-07,0.0296,37
3769,-4.923999999999999e-07,0.028,35
3770,-4.919999999999999e-07,0.0296,37
3771,-4.915999999999999e-07,0.0296,37
3772,-4.911999999999998e-07,0.028,35
3773,-4.907999999999998e-07,0.028800000000000003,36
3774,-4.903999999999998e-07,0.0296,37
3775,-4.899999999999998e-07,0.028800000000000003,36
3776,-4.895999999999999e-07,0.0296,37
3777,-4.891999999999999e-07,0.028800000000000003,36
3778,-4.887999999999999e-07,0.028800000000000003,36
3779,-4.883999999999998e-07,0.0296,37
3780,-4.879999999999998e-07,0.0296,37
3781,-4.875999999999998e-07,0.0296,37
3782,-4.871999999999998e-07,0.0296,37
3783,-4.867999999999999e-07,0.0296,37
3784,-4.863999999999999e-07,0.0296,37
3785,-4.859999999999999e-07,0.028800000000000003,36
3786,-4.855999999999998e-07,0.0296,37
3787,-4.851999999999998e-07,0.0296,37
3788,-4.847999999999998e-07,0.0296,37
3789,-4.843999999999998e-07,0.0304,38
3790,-4.839999999999999e-07,0.0296,37
3791,-4.835999999999999e-07,0.0296,37
3792,-4.831999999999999e-07,0.028800000000000003,36
3793,-4.827999999999998e-07,0.0296,37
3794,-4.823999999999998e-07,0.0296,37
3795,-4.819999999999998e-07,0.0296,37
3796,-4.815999999999998e-07,0.0296,37
3797,-4.811999999999999e-07,0.0296,37
3798,-4.807999999999999e-07,0.028800000000000003,36
3799,-4.803999999999999e-07,0.0296,37
3800,-4.799999999999999e-07,0.0296,37
3801,-4.795999999999998e-07,0.0296,37
3802,-4.791999999999998e-07,0.0296,37
3803,-4.787999999999998e-07,0.0296,37
3804,-4.783999999999999e-07,0.028800000000000003,36
3805,-4.779999999999999e-07,0.0296,37
3806,-4.775999999999999e-07,0.028,35
3807,-4.771999999999999e-07,0.028800000000000003,36
3808,-4.767999999999998e-07,0.0296,37
3809,-4.763999999999998e-07,0.0296,37
3810,-4.7599999999999976e-07,0.0296,37
3811,-4.7559999999999994e-07,0.0296,37
3812,-4.751999999999999e-07,0.028800000000000003,36
3813,-4.747999999999999e-07,0.028800000000000003,36
3814,-4.7439999999999985e-07,0.0296,37
3815,-4.739999999999998e-07,0.0296,37
3816,-4.735999999999998e-07,0.0296,37
3817,-4.7319999999999976e-07,0.0296,37
3818,-4.7279999999999995e-07,0.028,35
3819,-4.723999999999999e-07,0.028800000000000003,36
3820,-4.719999999999999e-07,0.028800000000000003,36
3821,-4.7159999999999986e-07,0.0304,38
3822,-4.711999999999998e-07,0.0296,37
3823,-4.707999999999998e-07,0.0296,37
3824,-4.7039999999999977e-07,0.0296,37
3825,-4.6999999999999995e-07,0.0296,37
3826,-4.695999999999999e-07,0.0304,38
3827,-4.691999999999999e-07,0.0296,37
3828,-4.6879999999999986e-07,0.0304,38
3829,-4.6839999999999983e-07,0.0296,37
3830,-4.679999999999998e-07,0.0296,37
3831,-4.6759999999999977e-07,0.028800000000000003,36
3832,-4.6719999999999995e-07,0.028800000000000003,36
3833,-4.667999999999999e-07,0.0296,37
3834,-4.663999999999999e-07,0.0296,37
3835,-4.6599999999999986e-07,0.0296,37
3836,-4.6559999999999983e-07,0.0296,37
3837,-4.651999999999998e-07,0.0296,37
3838,-4.6479999999999977e-07,0.0296,37
3839,-4.6439999999999995e-07,0.0296,37
3840,-4.639999999999999e-07,0.028800000000000003,36
3841,-4.635999999999999e-07,0.028800000000000003,36
3842,-4.6319999999999986e-07,0.0296,37
3843,-4.6279999999999983e-07,0.0296,37
3844,-4.623999999999998e-07,0.0296,37
3845,-4.6199999999999977e-07,0.0304,38
3846,-4.6159999999999995e-07,0.0296,37
3847,-4.611999999999999e-07,0.028800000000000003,36
3848,-4.607999999999999e-07,0.0296,37
3849,-4.6039999999999986e-07,0.0296,37
3850,-4.5999999999999983e-07,0.0304,38
3851,-4.595999999999998e-07,0.028800000000000003,36
3852,-4.5919999999999977e-07,0.0296,37
3853,-4.5879999999999995e-07,0.0296,37
3854,-4.583999999999999e-07,0.028800000000000003,36
3855,-4.579999999999999e-07,0.0296,37
3856,-4.5759999999999986e-07,0.0296,37
3857,-4.5719999999999983e-07,0.028800000000000003,36
3858,-4.567999999999998e-07,0.028800000000000003,36
3859,-4.5639999999999977e-07,0.0296,37
3860,-4.5599999999999995e-07,0.0296,37
3861,-4.555999999999999e-07,0.0296,37
3862,-4.551999999999999e-07,0.0296,37
3863,-4.5479999999999986e-07,0.028800000000000003,36
3864,-4.5439999999999983e-07,0.0296,37
3865,-4.539999999999998e-07,0.0296,37
3866,-4.535999999999998e-07,0.028800000000000003,36
3867,-4.5319999999999996e-07,0.0296,37
3868,-4.527999999999999e-07,0.028800000000000003,36
3869,-4.523999999999999e-07,0.028800000000000003,36
3870,-4.5199999999999987e-07,0.028800000000000003,36
3871,-4.5159999999999984e-07,0.028800000000000003,36
3872,-4.511999999999998e-07,0.0296,37
3873,-4.507999999999998e-07,0.0296,37
3874,-4.5039999999999996e-07,0.0296,37
3875,-4.4999999999999993e-07,0.0296,37
3876,-4.495999999999999e-07,0.0296,37
3877,-4.4919999999999987e-07,0.0296,37
3878,-4.4879999999999984e-07,0.028800000000000003,36
3879,-4.483999999999998e-07,0.028800000000000003,36
3880,-4.479999999999998e-07,0.028800000000000003,36
3881,-4.4759999999999996e-07,0.0296,37
3882,-4.4719999999999993e-07,0.0296,37
3883,-4.467999999999999e-07,0.0296,37
3884,-4.4639999999999987e-07,0.028800000000000003,36
3885,-4.4599999999999984e-07,0.0296,37
3886,-4.455999999999998e-07,0.0296,37
3887,-4.451999999999998e-07,0.0296,37
3888,-4.4479999999999975e-07,0.028800000000000003,36
3889,-4.4439999999999993e-07,0.028800000000000003,36
3890,-4.439999999999999e-07,0.028800000000000003,36
3891,-4.4359999999999987e-07,0.0296,37
3892,-4.4319999999999984e-07,0.0296,37
3893,-4.427999999999998e-07,0.0296,37
3894,-4.423999999999998e-07,0.028800000000000003,36
3895,-4.4199999999999975e-07,0.028800000000000003,36
3896,-4.4159999999999993e-07,0.028800000000000003,36
3897,-4.411999999999999e-07,0.0296,37
3898,-4.4079999999999987e-07,0.0296,37
3899,-4.4039999999999984e-07,0.0296,37
3900,-4.399999999999998e-07,0.0296,37
3901,-4.395999999999998e-07,0.0296,37
3902,-4.3919999999999975e-07,0.028800000000000003,36
3903,-4.3879999999999993e-07,0.028800000000000003,36
3904,-4.383999999999999e-07,0.028800000000000003,36
3905,-4.3799999999999987e-07,0.0296,37
3906,-4.3759999999999984e-07,0.028,35
3907,-4.371999999999998e-07,0.028800000000000003,36
3908,-4.367999999999998e-07,0.028800000000000003,36
3909,-4.3639999999999975e-07,0.028800000000000003,36
3910,-4.3599999999999993e-07,0.028800000000000003,36
3911,-4.355999999999999e-07,0.0296,37
3912,-4.351999999999999e-07,0.0296,37
3913,-4.3479999999999984e-07,0.028800000000000003,36
3914,-4.343999999999998e-07,0.0296,37
3915,-4.339999999999998e-07,0.028800000000000003,36
3916,-4.3359999999999975e-07,0.0296,37
3917,-4.3319999999999994e-07,0.0296,37
3918,-4.327999999999999e-07,0.0296,37
3919,-4.323999999999999e-07,0.0296,37
3920,-4.3199999999999984e-07,0.0296,37
3921,-4.315999999999998e-07,0.0296,37
3922,-4.311999999999998e-07,0.0296,37
3923,-4.3079999999999975e-07,0.0296,37
3924,-4.3039999999999994e-07,0.0296,37
3925,-4.299999999999999e-07,0.0296,37
3926,-4.295999999999999e-07,0.0296,37
3927,-4.2919999999999985e-07,0.0296,37
3928,-4.287999999999998e-07,0.028800000000000003,36
3929,-4.283999999999998e-07,0.0296,37
3930,-4.2799999999999976e-07,0.0304,38
3931,-4.2759999999999994e-07,0.0296,37
3932,-4.271999999999999e-07,0.0296,37
3933,-4.267999999999999e-07,0.0296,37
3934,-4.2639999999999985e-07,0.028800000000000003,36
3935,-4.259999999999998e-07,0.028800000000000003,36
3936,-4.255999999999998e-07,0.0296,37
3937,-4.2519999999999976e-07,0.028800000000000003,36
3938,-4.2479999999999994e-07,0.0304,38
3939,-4.243999999999999e-07,0.0296,37
3940,-4.239999999999999e-07,0.0296,37
3941,-4.2359999999999985e-07,0.0296,37
3942,-4.231999999999998e-07,0.0296,37
3943,-4.227999999999998e-07,0.028800000000000003,36
3944,-4.2239999999999976e-07,0.0296,37
3945,-4.2199999999999994e-07,0.0296,37
3946,-4.215999999999999e-07,0.028,35
3947,-4.211999999999999e-07,0.0296,37
3948,-4.2079999999999985e-07,0.028800000000000003,36
3949,-4.203999999999998e-07,0.0296,37
3950,-4.199999999999998e-07,0.0296,37
3951,-4.1959999999999976e-07,0.0296,37
3952,-4.1919999999999994e-07,0.0296,37
3953,-4.187999999999999e-07,0.0296,37
3954,-4.183999999999999e-07,0.0296,37
3955,-4.1799999999999985e-07,0.028800000000000003,36
3956,-4.175999999999998e-07,0.028800000000000003,36
3957,-4.171999999999998e-07,0.028800000000000003,36
3958,-4.1679999999999976e-07,0.0296,37
3959,-4.1639999999999994e-07,0.0296,37
3960,-4.159999999999999e-07,0.0296,37
3961,-4.155999999999999e-07,0.028800000000000003,36
3962,-4.1519999999999985e-07,0.031200000000000002,39
3963,-4.147999999999998e-07,0.0304,38
3964,-4.143999999999998e-07,0.0296,37
3965,-4.1399999999999976e-07,0.0296,37
3966,-4.1359999999999994e-07,0.0296,37
3967,-4.131999999999999e-07,0.0296,37
3968,-4.127999999999999e-07,0.0296,37
3969,-4.1239999999999985e-07,0.0296,37
3970,-4.119999999999998e-07,0.028800000000000003,36
3971,-4.115999999999998e-07,0.0296,37
3972,-4.1119999999999976e-07,0.028800000000000003,36
3973,-4.1079999999999995e-07,0.028800000000000003,36
3974,-4.103999999999999e-07,0.028800000000000003,36
3975,-4.099999999999999e-07,0.0296,37
3976,-4.0959999999999986e-07,0.028800000000000003,36
3977,-4.091999999999998e-07,0.0296,37
3978,-4.087999999999998e-07,0.0296,37
3979,-4.0839999999999977e-07,0.028800000000000003,36
3980,-4.0799999999999995e-07,0.028800000000000003,36
3981,-4.075999999999999e-07,0.0296,37
3982,-4.071999999999999e-07,0.0296,37
3983,-4.0679999999999986e-07,0.0296,37
3984,-4.0639999999999983e-07,0.0296,37
3985,-4.059999999999998e-07,0.0296,37
3986,-4.0559999999999977e-07,0.0296,37
3987,-4.0519999999999995e-07,0.0296,37
3988,-4.047999999999999e-07,0.028800000000000003,36
3989,-4.043999999999999e-07,0.028800000000000003,36
3990,-4.0399999999999986e-07,0.028800000000000003,36
3991,-4.0359999999999983e-07,0.0296,37
3992,-4.031999999999998e-07,0.028800000000000003,36
3993,-4.0279999999999977e-07,0.028800000000000003,36
3994,-4.0239999999999995e-07,0.0296,37
3995,-4.019999999999999e-07,0.0296,37
3996,-4.015999999999999e-07,0.0296,37
3997,-4.0119999999999986e-07,0.028800000000000003,36
3998,-4.0079999999999983e-07,0.028,35
3999,-4.003999999999998e-07,0.0296,37
4000,-3.9999999999999977e-07,0.0296,37
4001,-3.9959999999999995e-07,0.0296,37
4002,-3.991999999999999e-07,0.0296,37
4003,-3.987999999999999e-07,0.0296,37
4004,-3.9839999999999986e-07,0.028,35
4005,-3.9799999999999983e-07,0.0296,37
4006,-3.975999999999998e-07,0.0296,37
4007,-3.9719999999999977e-07,0.0296,37
4008,-3.9679999999999995e-07,0.0296,37
4009,-3.963999999999999e-07,0.031200000000000002,39
4010,-3.959999999999999e-07,0.0296,37
4011,-3.9559999999999986e-07,0.0296,37
4012,-3.9519999999999983e-07,0.0296,37
4013,-3.947999999999998e-07,0.0296,37
4014,-3.9439999999999977e-07,0.0296,37
4015,-3.9399999999999995e-07,0.0296,37
4016,-3.935999999999999e-07,0.0296,37
4017,-3.931999999999999e-07,0.0296,37
4018,-3.9279999999999986e-07,0.028800000000000003,36
4019,-3.9239999999999983e-07,0.028800000000000003,36
4020,-3.919999999999998e-07,0.0296,37
4021,-3.915999999999998e-07,0.0296,37
4022,-3.9119999999999996e-07,0.0296,37
4023,-3.907999999999999e-07,0.0304,38
4024,-3.903999999999999e-07,0.0296,37
4025,-3.8999999999999987e-07,0.0296,37
4026,-3.8959999999999984e-07,0.0296,37
4027,-3.891999999999998e-07,0.028800000000000003,36
4028,-3.887999999999998e-07,0.028800000000000003,36
4029,-3.8839999999999975e-07,0.028800000000000003,36
4030,-3.8799999999999993e-07,0.0296,37
4031,-3.875999999999999e-07,0.0304,38
4032,-3.8719999999999987e-07,0.0296,37
4033,-3.8679999999999984e-07,0.028800000000000003,36
4034,-3.863999999999998e-07,0.0296,37
4035,-3.859999999999998e-07,0.028800000000000003,36
4036,-3.8559999999999975e-07,0.0296,37
4037,-3.8519999999999993e-07,0.0296,37
4038,-3.847999999999999e-07,0.028800000000000003,36
4039,-3.8439999999999987e-07,0.0296,37
4040,-3.8399999999999984e-07,0.0296,37
4041,-3.835999999999998e-07,0.0296,37
4042,-3.831999999999998e-07,0.0296,37
4043,-3.8279999999999975e-07,0.0296,37
4044,-3.8239999999999993e-07,0.0296,37
4045,-3.819999999999999e-07,0.028800000000000003,36
4046,-3.8159999999999987e-07,0.028800000000000003,36
4047,-3.8119999999999984e-07,0.028800000000000003,36
4048,-3.807999999999998e-07,0.0296,37
4049,-3.803999999999998e-07,0.0296,37
4050,-3.7999999999999975e-07,0.0296,37
4051,-3.7959999999999993e-07,0.0296,37
4052,-3.791999999999999e-07,0.0296,37
4053,-3.7879999999999987e-07,0.0296,37
4054,-3.7839999999999984e-07,0.028800000000000003,36
4055,-3.779999999999998e-07,0.0296,37
4056,-3.775999999999998e-07,0.028800000000000003,36
4057,-3.7719999999999975e-07,0.0296,37
4058,-3.7679999999999993e-07,0.0296,37
4059,-3.763999999999999e-07,0.0296,37
4060,-3.7599999999999987e-07,0.028800000000000003,36
4061,-3.7559999999999984e-07,0.028800000000000003,36
4062,-3.751999999999998e-07,0.0296,37
4063,-3.747999999999998e-07,0.0296,37
4064,-3.7439999999999975e-07,0.0296,37
4065,-3.7399999999999993e-07,0.0304,38
4066,-3.735999999999999e-07,0.0296,37
4067,-3.731999999999999e-07,0.028800000000000003,36
4068,-3.7279999999999984e-07,0.0296,37
4069,-3.723999999999998e-07,0.0296,37
4070,-3.719999999999998e-07,0.0296,37
4071,-3.7159999999999975e-07,0.0296,37
4072,-3.7119999999999994e-07,0.0296,37
4073,-3.707999999999999e-07,0.0296,37
4074,-3.703999999999999e-07,0.028800000000000003,36
4075,-3.6999999999999985e-07,0.0296,37
4076,-3.695999999999998e-07,0.0296,37
4077,-3.691999999999998e-07,0.0296,37
4078,-3.6879999999999976e-07,0.028800000000000003,36
4079,-3.6839999999999994e-07,0.0296,37
4080,-3.679999999999999e-07,0.0296,37
4081,-3.675999999999999e-07,0.0296,37
4082,-3.6719999999999985e-07,0.0304,38
4083,-3.667999999999998e-07,0.0296,37
4084,-3.663999999999998e-07,0.0296,37
4085,-3.6599999999999976e-07,0.028800000000000003,36
4086,-3.6559999999999994e-07,0.0296,37
4087,-3.651999999999999e-07,0.028800000000000003,36
4088,-3.647999999999999e-07,0.0296,37
4089,-3.6439999999999985e-07,0.028800000000000003,36
4090,-3.639999999999998e-07,0.0304,38
4091,-3.635999999999998e-07,0.0296,37
4092,-3.6319999999999976e-07,0.0296,37
4093,-3.6279999999999994e-07,0.0304,38
4094,-3.623999999999999e-07,0.0296,37
4095,-3.619999999999999e-07,0.0296,37
4096,-3.6159999999999985e-07,0.028800000000000003,36
4097,-3.611999999999998e-07,0.0296,37
4098,-3.607999999999998e-07,0.028800000000000003,36
4099,-3.6039999999999976e-07,0.0296,37
4100,-3.5999999999999994e-07,0.0296,37
4101,-3.595999999999999e-07,0.0304,38
4102,-3.591999999999999e-07,0.0296,37
4103,-3.5879999999999985e-07,0.0296,37
4104,-3.583999999999998e-07,0.028800000000000003,36
4105,-3.579999999999998e-07,0.0304,38
4106,-3.5759999999999976e-07,0.0296,37
4107,-3.5719999999999994e-07,0.0296,37
4108,-3.567999999999999e-07,0.0296,37
4109,-3.563999999999999e-07,0.0296,37
4110,-3.5599999999999985e-07,0.0296,37
4111,-3.555999999999998e-07,0.028800000000000003,36
4112,-3.551999999999998e-07,0.028800000000000003,36
4113,-3.5479999999999976e-07,0.028800000000000003,36
4114,-3.5439999999999994e-07,0.0304,38
4115,-3.539999999999999e-07,0.0304,38
4116,-3.535999999999999e-07,0.028800000000000003,36
4117,-3.5319999999999985e-07,0.0296,37
4118,-3.527999999999998e-07,0.0296,37
4119,-3.523999999999998e-07,0.028800000000000003,36
4120,-3.5199999999999976e-07,0.028800000000000003,36
4121,-3.5159999999999995e-07,0.0296,37
4122,-3.511999999999999e-07,0.028800000000000003,36
4123,-3.507999999999999e-07,0.028800000000000003,36
4124,-3.5039999999999986e-07,0.028800000000000003,36
4125,-3.499999999999998e-07,0.028800000000000003,36
4126,-3.495999999999998e-07,0.0296,37
4127,-3.4919999999999977e-07,0.0296,37
4128,-3.4879999999999995e-07,0.0296,37
4129,-3.483999999999999e-07,0.0296,37
4130,-3.479999999999999e-07,0.0296,37
4131,-3.4759999999999986e-07,0.028800000000000003,36
4132,-3.4719999999999983e-07,0.0296,37
4133,-3.467999999999998e-07,0.0296,37
4134,-3.4639999999999977e-07,0.0296,37
4135,-3.4599999999999995e-07,0.0304,38
4136,-3.455999999999999e-07,0.0296,37
4137,-3.451999999999999e-07,0.0296,37
4138,-3.4479999999999986e-07,0.0296,37
4139,-3.4439999999999983e-07,0.028800000000000003,36
4140,-3.439999999999998e-07,0.0296,37
4141,-3.4359999999999977e-07,0.0296,37
4142,-3.4319999999999995e-07,0.0296,37
4143,-3.427999999999999e-07,0.0304,38
4144,-3.423999999999999e-07,0.028800000000000003,36
4145,-3.4199999999999986e-07,0.0304,38
4146,-3.4159999999999983e-07,0.0296,37
4147,-3.411999999999998e-07,0.0296,37
4148,-3.4079999999999977e-07,0.028800000000000003,36
4149,-3.4039999999999995e-07,0.0296,37
4150,-3.399999999999999e-07,0.0296,37
4151,-3.395999999999999e-07,0.0304,38
4152,-3.3919999999999986e-07,0.0296,37
4153,-3.3879999999999983e-07,0.0304,38
4154,-3.383999999999998e-07,0.028800000000000003,36
4155,-3.3799999999999977e-07,0.028800000000000003,36
4156,-3.3759999999999995e-07,0.0296,37
4157,-3.371999999999999e-07,0.0296,37
4158,-3.367999999999999e-07,0.0296,37
4159,-3.3639999999999986e-07,0.0296,37
4160,-3.3599999999999983e-07,0.0296,37
4161,-3.355999999999998e-07,0.0296,37
4162,-3.3519999999999977e-07,0.0296,37
4163,-3.3479999999999995e-07,0.028800000000000003,36
4164,-3.343999999999999e-07,0.028800000000000003,36
4165,-3.339999999999999e-07,0.0296,37
4166,-3.3359999999999986e-07,0.0296,37
4167,-3.3319999999999983e-07,0.028800000000000003,36
4168,-3.327999999999998e-07,0.028800000000000003,36
4169,-3.323999999999998e-07,0.0296,37
4170,-3.3199999999999974e-07,0.0296,37
4171,-3.315999999999999e-07,0.028800000000000003,36
4172,-3.311999999999999e-07,0.0304,38
4173,-3.3079999999999987e-07,0.0304,38
4174,-3.3039999999999984e-07,0.028800000000000003,36
4175,-3.299999999999998e-07,0.0296,37
4176,-3.295999999999998e-07,0.0296,37
4177,-3.2919999999999974e-07,0.0296,37
4178,-3.2879999999999993e-07,0.028800000000000003,36
4179,-3.283999999999999e-07,0.0296,37
4180,-3.2799999999999987e-07,0.0296,37
4181,-3.2759999999999984e-07,0.0296,37
4182,-3.271999999999998e-07,0.0296,37
4183,-3.267999999999998e-07,0.0296,37
4184,-3.2639999999999975e-07,0.028800000000000003,36
4185,-3.2599999999999993e-07,0.028800000000000003,36
4186,-3.255999999999999e-07,0.0296,37
4187,-3.2519999999999987e-07,0.028800000000000003,36
4188,-3.2479999999999984e-07,0.028800000000000003,36
4189,-3.243999999999998e-07,0.028800000000000003,36
4190,-3.239999999999998e-07,0.028800000000000003,36
4191,-3.2359999999999975e-07,0.0296,37
4192,-3.2319999999999993e-07,0.0296,37
4193,-3.227999999999999e-07,0.0296,37
4194,-3.2239999999999987e-07,0.0296,37
4195,-3.2199999999999984e-07,0.028800000000000003,36
4196,-3.215999999999998e-07,0.028800000000000003,36
4197,-3.211999999999998e-07,0.0296,37
4198,-3.2079999999999975e-07,0.0304,38
4199,-3.2039999999999993e-07,0.028800000000000003,36
4200,-3.199999999999999e-07,0.028800000000000003,36
4201,-3.1959999999999987e-07,0.0296,37
4202,-3.1919999999999984e-07,0.028800000000000003,36
4203,-3.187999999999998e-07,0.0296,37
4204,-3.183999999999998e-07,0.0304,38
4205,-3.1799999999999975e-07,0.0296,37
4206,-3.1759999999999993e-07,0.028800000000000003,36
4207,-3.171999999999999e-07,0.0296,37
4208,-3.1679999999999987e-07,0.0296,37
4209,-3.1639999999999984e-07,0.0304,38
4210,-3.159999999999998e-07,0.0296,37
4211,-3.155999999999998e-07,0.028800000000000003,36
4212,-3.1519999999999975e-07,0.028800000000000003,36
4213,-3.1479999999999993e-07,0.0304,38
4214,-3.143999999999999e-07,0.0304,38
4215,-3.139999999999999e-07,0.0296,37
4216,-3.1359999999999984e-07,0.0296,37
4217,-3.131999999999998e-07,0.0296,37
4218,-3.127999999999998e-07,0.028800000000000003,36
4219,-3.1239999999999975e-07,0.0296,37
4220,-3.1199999999999994e-07,0.0296,37
4221,-3.115999999999999e-07,0.0304,38
4222,-3.111999999999999e-07,0.0296,37
4223,-3.1079999999999984e-07,0.028800000000000003,36
4224,-3.103999999999998e-07,0.0296,37
4225,-3.099999999999998e-07,0.0296,37
4226,-3.0959999999999975e-07,0.028800000000000003,36
4227,-3.0919999999999994e-07,0.028800000000000003,36
4228,-3.087999999999999e-07,0.028800000000000003,36
4229,-3.083999999999999e-07,0.0296,37
4230,-3.0799999999999985e-07,0.0296,37
4231,-3.075999999999998e-07,0.028800000000000003,36
4232,-3.071999999999998e-07,0.0296,37
4233,-3.0679999999999976e-07,0.028800000000000003,36
4234,-3.0639999999999994e-07,0.0296,37
4235,-3.059999999999999e-07,0.0296,37
4236,-3.055999999999999e-07,0.0296,37
4237,-3.0519999999999985e-07,0.0296,37
4238,-3.047999999999998e-07,0.0296,37
4239,-3.043999999999998e-07,0.0296,37
4240,-3.0399999999999976e-07,0.028800000000000003,36
4241,-3.0359999999999994e-07,0.0296,37
4242,-3.031999999999999e-07,0.0296,37
4243,-3.027999999999999e-07,0.031200000000000002,39
4244,-3.0239999999999985e-07,0.0296,37
4245,-3.019999999999998e-07,0.0296,37
4246,-3.015999999999998e-07,0.028800000000000003,36
4247,-3.0119999999999976e-07,0.028800000000000003,36
4248,-3.0079999999999994e-07,0.0296,37
4249,-3.003999999999999e-07,0.0296,37
4250,-2.999999999999999e-07,0.0296,37
4251,-2.9959999999999985e-07,0.0296,37
4252,-2.991999999999998e-07,0.028800000000000003,36
4253,-2.987999999999998e-07,0.028800000000000003,36
4254,-2.9839999999999976e-07,0.028800000000000003,36
4255,-2.9799999999999994e-07,0.028,35
4256,-2.975999999999999e-07,0.028800000000000003,36
4257,-2.971999999999999e-07,0.031200000000000002,39
4258,-2.9679999999999985e-07,0.0304,38
4259,-2.963999999999998e-07,0.028800000000000003,36
4260,-2.959999999999998e-07,0.028800000000000003,36
4261,-2.9559999999999976e-07,0.0296,37
4262,-2.9519999999999994e-07,0.0296,37
4263,-2.947999999999999e-07,0.0296,37
4264,-2.943999999999999e-07,0.0296,37
4265,-2.9399999999999985e-07,0.0296,37
4266,-2.935999999999998e-07,0.0296,37
4267,-2.931999999999998e-07,0.0296,37
4268,-2.9279999999999976e-07,0.028800000000000003,36
4269,-2.9239999999999994e-07,0.0296,37
4270,-2.919999999999999e-07,0.0296,37
4271,-2.915999999999999e-07,0.0296,37
4272,-2.9119999999999985e-07,0.0296,37
4273,-2.907999999999998e-07,0.028800000000000003,36
4274,-2.903999999999998e-07,0.028800000000000003,36
4275,-2.8999999999999976e-07,0.0296,37
4276,-2.8959999999999995e-07,0.0296,37
4277,-2.891999999999999e-07,0.028800000000000003,36
4278,-2.887999999999999e-07,0.0296,37
4279,-2.8839999999999986e-07,0.028,35
4280,-2.879999999999998e-07,0.0296,37
4281,-2.875999999999998e-07,0.0296,37
4282,-2.8719999999999977e-07,0.0296,37
4283,-2.8679999999999995e-07,0.0296,37
4284,-2.863999999999999e-07,0.0296,37
4285,-2.859999999999999e-07,0.0296,37
4286,-2.8559999999999986e-07,0.0296,37
4287,-2.8519999999999983e-07,0.0296,37
4288,-2.847999999999998e-07,0.0296,37
4289,-2.8439999999999977e-07,0.0296,37
4290,-2.8399999999999995e-07,0.0296,37
4291,-2.835999999999999e-07,0.0296,37
4292,-2.831999999999999e-07,0.0296,37
4293,-2.8279999999999986e-07,0.0296,37
4294,-2.8239999999999983e-07,0.028800000000000003,36
4295,-2.819999999999998e-07,0.0296,37
4296,-2.8159999999999977e-07,0.0296,37
4297,-2.8119999999999995e-07,0.0296,37
4298,-2.807999999999999e-07,0.0296,37
4299,-2.803999999999999e-07,0.0304,38
4300,-2.7999999999999986e-07,0.0296,37
4301,-2.7959999999999983e-07,0.0296,37
4302,-2.791999999999998e-07,0.0296,37
4303,-2.7879999999999977e-07,0.028800000000000003,36
4304,-2.7839999999999995e-07,0.028800000000000003,36
4305,-2.779999999999999e-07,0.0296,37
4306,-2.775999999999999e-07,0.0296,37
4307,-2.7719999999999986e-07,0.0296,37
4308,-2.7679999999999983e-07,0.0296,37
4309,-2.763999999999998e-07,0.028,35
4310,-2.7599999999999977e-07,0.0296,37
4311,-2.7559999999999974e-07,0.028800000000000003,36
4312,-2.751999999999999e-07,0.028800000000000003,36
4313,-2.747999999999999e-07,0.0296,37
4314,-2.7439999999999986e-07,0.028800000000000003,36
4315,-2.7399999999999983e-07,0.0296,37
4316,-2.735999999999998e-07,0.0296,37
4317,-2.7319999999999977e-07,0.0296,37
4318,-2.7279999999999974e-07,0.0296,37
4319,-2.723999999999999e-07,0.0296,37
4320,-2.719999999999999e-07,0.0296,37
4321,-2.7159999999999986e-07,0.0296,37
4322,-2.7119999999999983e-07,0.0296,37
4323,-2.707999999999998e-07,0.0296,37
4324,-2.703999999999998e-07,0.0296,37
4325,-2.6999999999999974e-07,0.028800000000000003,36
4326,-2.695999999999999e-07,0.0296,37
4327,-2.691999999999999e-07,0.0296,37
4328,-2.6879999999999987e-07,0.0296,37
4329,-2.6839999999999984e-07,0.0296,37
4330,-2.679999999999998e-07,0.0296,37
4331,-2.675999999999998e-07,0.0296,37
4332,-2.6719999999999975e-07,0.0296,37
4333,-2.6679999999999993e-07,0.0296,37
4334,-2.663999999999999e-07,0.028800000000000003,36
4335,-2.6599999999999987e-07,0.028800000000000003,36
4336,-2.6559999999999984e-07,0.028800000000000003,36
4337,-2.651999999999998e-07,0.0304,38
4338,-2.647999999999998e-07,0.0304,38
4339,-2.6439999999999975e-07,0.0304,38
4340,-2.6399999999999993e-07,0.0296,37
4341,-2.635999999999999e-07,0.028800000000000003,36
4342,-2.6319999999999987e-07,0.028800000000000003,36
4343,-2.6279999999999984e-07,0.028800000000000003,36
4344,-2.623999999999998e-07,0.0296,37
4345,-2.619999999999998e-07,0.0296,37
4346,-2.6159999999999975e-07,0.0296,37
4347,-2.6119999999999993e-07,0.0296,37
4348,-2.607999999999999e-07,0.0296,37
4349,-2.6039999999999987e-07,0.0296,37
4350,-2.5999999999999984e-07,0.0304,38
4351,-2.595999999999998e-07,0.0296,37
4352,-2.591999999999998e-07,0.0296,37
4353,-2.5879999999999975e-07,0.0304,38
4354,-2.5839999999999993e-07,0.0296,37
4355,-2.579999999999999e-07,0.0296,37
4356,-2.5759999999999987e-07,0.0296,37
4357,-2.5719999999999984e-07,0.0296,37
4358,-2.567999999999998e-07,0.0304,38
4359,-2.563999999999998e-07,0.0296,37
4360,-2.5599999999999975e-07,0.0296,37
4361,-2.5559999999999993e-07,0.0296,37
4362,-2.551999999999999e-07,0.0296,37
4363,-2.5479999999999987e-07,0.0296,37
4364,-2.5439999999999984e-07,0.028800000000000003,36
4365,-2.539999999999998e-07,0.0296,37
4366,-2.535999999999998e-07,0.028,35
4367,-2.5319999999999975e-07,0.028800000000000003,36
4368,-2.5279999999999993e-07,0.028800000000000003,36
4369,-2.523999999999999e-07,0.028800000000000003,36
4370,-2.519999999999999e-07,0.0296,37
4371,-2.5159999999999984e-07,0.0296,37
4372,-2.511999999999998e-07,0.0296,37
4373,-2.507999999999998e-07,0.0296,37
4374,-2.5039999999999975e-07,0.0296,37
4375,-2.4999999999999994e-07,0.0296,37
4376,-2.495999999999999e-07,0.0296,37
4377,-2.491999999999999e-07,0.0296,37
4378,-2.4879999999999985e-07,0.028800000000000003,36
4379,-2.483999999999998e-07,0.0296,37
4380,-2.479999999999998e-07,0.0296,37
4381,-2.4759999999999976e-07,0.0304,38
4382,-2.4719999999999994e-07,0.0296,37
4383,-2.467999999999999e-07,0.0296,37
4384,-2.463999999999999e-07,0.0296,37
4385,-2.4599999999999985e-07,0.0296,37
4386,-2.455999999999998e-07,0.0296,37
4387,-2.451999999999998e-07,0.0296,37
4388,-2.4479999999999976e-07,0.0304,38
4389,-2.4439999999999994e-07,0.0296,37
4390,-2.439999999999999e-07,0.0296,37
4391,-2.435999999999999e-07,0.0296,37
4392,-2.4319999999999985e-07,0.0296,37
4393,-2.427999999999998e-07,0.028800000000000003,36
4394,-2.423999999999998e-07,0.0304,38
4395,-2.4199999999999976e-07,0.028800000000000003,36
4396,-2.4159999999999994e-07,0.0296,37
4397,-2.411999999999999e-07,0.028800000000000003,36
4398,-2.407999999999999e-07,0.0296,37
4399,-2.4039999999999985e-07,0.0296,37
4400,-2.399999999999998e-07,0.0296,37
4401,-2.395999999999998e-07,0.028800000000000003,36
4402,-2.3919999999999976e-07,0.0296,37
4403,-2.3879999999999994e-07,0.0304,38
4404,-2.383999999999999e-07,0.0296,37
4405,-2.3799999999999988e-07,0.0296,37
4406,-2.3759999999999985e-07,0.0296,37
4407,-2.3719999999999982e-07,0.028800000000000003,36
4408,-2.367999999999998e-07,0.0296,37
4409,-2.3639999999999976e-07,0.0304,38
4410,-2.3599999999999994e-07,0.0296,37
4411,-2.355999999999999e-07,0.028800000000000003,36
4412,-2.3519999999999988e-07,0.028800000000000003,36
4413,-2.3479999999999985e-07,0.0296,37
4414,-2.3439999999999982e-07,0.0296,37
4415,-2.339999999999998e-07,0.0296,37
4416,-2.3359999999999976e-07,0.0304,38
4417,-2.3319999999999994e-07,0.0304,38
4418,-2.3279999999999991e-07,0.0296,37
4419,-2.3239999999999988e-07,0.0296,37
4420,-2.3199999999999985e-07,0.0296,37
4421,-2.3159999999999982e-07,0.0296,37
4422,-2.311999999999998e-07,0.0304,38
4423,-2.3079999999999976e-07,0.0296,37
4424,-2.3039999999999995e-07,0.0296,37
4425,-2.2999999999999992e-07,0.0296,37
4426,-2.2959999999999989e-07,0.0296,37
4427,-2.2919999999999986e-07,0.028,35
4428,-2.2879999999999983e-07,0.028800000000000003,36
4429,-2.283999999999998e-07,0.0304,38
4430,-2.2799999999999977e-07,0.0304,38
4431,-2.2759999999999995e-07,0.0296,37
4432,-2.2719999999999992e-07,0.028800000000000003,36
4433,-2.267999999999999e-07,0.028800000000000003,36
4434,-2.2639999999999986e-07,0.028800000000000003,36
4435,-2.2599999999999983e-07,0.0296,37
4436,-2.255999999999998e-07,0.0296,37
4437,-2.2519999999999977e-07,0.0296,37
4438,-2.2479999999999995e-07,0.028800000000000003,36
4439,-2.2439999999999992e-07,0.0296,37
4440,-2.239999999999999e-07,0.0296,37
4441,-2.2359999999999986e-07,0.0296,37
4442,-2.2319999999999983e-07,0.028800000000000003,36
4443,-2.227999999999998e-07,0.028800000000000003,36
4444,-2.2239999999999977e-07,0.0296,37
4445,-2.2199999999999995e-07,0.028800000000000003,36
4446,-2.2159999999999992e-07,0.0296,37
4447,-2.211999999999999e-07,0.0296,37
4448,-2.2079999999999986e-07,0.0296,37
4449,-2.2039999999999983e-07,0.0296,37
4450,-2.199999999999998e-07,0.0296,37
4451,-2.1959999999999977e-07,0.0304,38
4452,-2.1919999999999974e-07,0.0296,37
4453,-2.1879999999999992e-07,0.0296,37
4454,-2.183999999999999e-07,0.0304,38
4455,-2.1799999999999986e-07,0.0296,37
4456,-2.1759999999999983e-07,0.0304,38
4457,-2.171999999999998e-07,0.0296,37
4458,-2.1679999999999977e-07,0.0296,37
4459,-2.1639999999999974e-07,0.0296,37
4460,-2.1599999999999992e-07,0.0296,37
4461,-2.155999999999999e-07,0.0296,37
4462,-2.1519999999999986e-07,0.0304,38
4463,-2.1479999999999983e-07,0.0296,37
4464,-2.143999999999998e-07,0.0296,37
4465,-2.1399999999999977e-07,0.028800000000000003,36
4466,-2.1359999999999974e-07,0.028800000000000003,36
4467,-2.1319999999999992e-07,0.028800000000000003,36
4468,-2.127999999999999e-07,0.0296,37
4469,-2.1239999999999986e-07,0.0296,37
4470,-2.1199999999999983e-07,0.028800000000000003,36
4471,-2.115999999999998e-07,0.0296,37
4472,-2.1119999999999977e-07,0.028800000000000003,36
4473,-2.1079999999999974e-07,0.0296,37
4474,-2.1039999999999993e-07,0.0304,38
4475,-2.099999999999999e-07,0.0304,38
4476,-2.0959999999999987e-07,0.0296,37
4477,-2.0919999999999984e-07,0.0296,37
4478,-2.087999999999998e-07,0.0296,37
4479,-2.0839999999999977e-07,0.0296,37
4480,-2.0799999999999974e-07,0.0296,37
4481,-2.0759999999999993e-07,0.0296,37
4482,-2.071999999999999e-07,0.028800000000000003,36
4483,-2.0679999999999987e-07,0.0296,37
4484,-2.0639999999999984e-07,0.0296,37
4485,-2.059999999999998e-07,0.028800000000000003,36
4486,-2.0559999999999978e-07,0.0296,37
4487,-2.0519999999999975e-07,0.0296,37
4488,-2.0479999999999993e-07,0.0296,37
4489,-2.043999999999999e-07,0.0296,37
4490,-2.0399999999999987e-07,0.0304,38
4491,-2.0359999999999984e-07,0.0296,37
4492,-2.031999999999998e-07,0.0304,38
4493,-2.0279999999999978e-07,0.0296,37
4494,-2.0239999999999975e-07,0.028800000000000003,36
4495,-2.0199999999999993e-07,0.0296,37
4496,-2.015999999999999e-07,0.028800000000000003,36
4497,-2.0119999999999987e-07,0.028800000000000003,36
4498,-2.0079999999999984e-07,0.0296,37
4499,-2.003999999999998e-07,0.0304,38
4500,-1.9999999999999978e-07,0.028800000000000003,36
4501,-1.9959999999999975e-07,0.028800000000000003,36
4502,-1.9919999999999993e-07,0.028800000000000003,36
4503,-1.987999999999999e-07,0.0296,37
4504,-1.9839999999999987e-07,0.028800000000000003,36
4505,-1.9799999999999984e-07,0.028800000000000003,36
4506,-1.975999999999998e-07,0.028800000000000003,36
4507,-1.9719999999999978e-07,0.028800000000000003,36
4508,-1.9679999999999975e-07,0.0296,37
4509,-1.9639999999999993e-07,0.0296,37
4510,-1.959999999999999e-07,0.0296,37
4511,-1.9559999999999987e-07,0.0304,38
4512,-1.9519999999999984e-07,0.0304,38
4513,-1.947999999999998e-07,0.0304,38
4514,-1.9439999999999978e-07,0.0296,37
4515,-1.9399999999999975e-07,0.0296,37
4516,-1.9359999999999993e-07,0.0296,37
4517,-1.931999999999999e-07,0.0296,37
4518,-1.9279999999999987e-07,0.028800000000000003,36
4519,-1.9239999999999984e-07,0.028800000000000003,36
4520,-1.9199999999999981e-07,0.028800000000000003,36
4521,-1.9159999999999978e-07,0.028800000000000003,36
4522,-1.9119999999999975e-07,0.0296,37
4523,-1.9079999999999994e-07,0.0304,38
4524,-1.903999999999999e-07,0.0296,37
4525,-1.8999999999999987e-07,0.0304,38
4526,-1.8959999999999984e-07,0.0304,38
4527,-1.8919999999999981e-07,0.0304,38
4528,-1.8879999999999978e-07,0.0296,37
4529,-1.8839999999999975e-07,0.028800000000000003,36
4530,-1.8799999999999994e-07,0.0296,37
4531,-1.875999999999999e-07,0.0304,38
4532,-1.8719999999999988e-07,0.028800000000000003,36
4533,-1.8679999999999985e-07,0.028800000000000003,36
4534,-1.8639999999999982e-07,0.0296,37
4535,-1.8599999999999979e-07,0.028,35
4536,-1.8559999999999976e-07,0.0296,37
4537,-1.8519999999999994e-07,0.0304,38
4538,-1.847999999999999e-07,0.0296,37
4539,-1.8439999999999988e-07,0.0296,37
4540,-1.8399999999999985e-07,0.0296,37
4541,-1.8359999999999982e-07,0.028800000000000003,36
4542,-1.831999999999998e-07,0.0296,37
4543,-1.8279999999999976e-07,0.028,35
4544,-1.8239999999999994e-07,0.0296,37
4545,-1.819999999999999e-07,0.028800000000000003,36
4546,-1.8159999999999988e-07,0.0296,37
4547,-1.8119999999999985e-07,0.0296,37
4548,-1.8079999999999982e-07,0.028800000000000003,36
4549,-1.803999999999998e-07,0.0296,37
4550,-1.7999999999999976e-07,0.0296,37
4551,-1.7959999999999994e-07,0.028800000000000003,36
4552,-1.791999999999999e-07,0.028800000000000003,36
4553,-1.7879999999999988e-07,0.0296,37
4554,-1.7839999999999985e-07,0.028800000000000003,36
4555,-1.7799999999999982e-07,0.028800000000000003,36
4556,-1.775999999999998e-07,0.0296,37
4557,-1.7719999999999976e-07,0.0296,37
4558,-1.7679999999999994e-07,0.0304,38
4559,-1.763999999999999e-07,0.0296,37
4560,-1.7599999999999988e-07,0.0304,38
4561,-1.7559999999999985e-07,0.0296,37
4562,-1.7519999999999982e-07,0.0296,37
4563,-1.747999999999998e-07,0.0296,37
4564,-1.7439999999999976e-07,0.028800000000000003,36
4565,-1.7399999999999994e-07,0.028800000000000003,36
4566,-1.7359999999999991e-07,0.028800000000000003,36
4567,-1.7319999999999988e-07,0.0296,37
4568,-1.7279999999999985e-07,0.0304,38
4569,-1.7239999999999982e-07,0.0296,37
4570,-1.719999999999998e-07,0.0296,37
4571,-1.7159999999999976e-07,0.0296,37
4572,-1.7119999999999994e-07,0.0296,37
4573,-1.7079999999999991e-07,0.0296,37
4574,-1.7039999999999988e-07,0.028800000000000003,36
4575,-1.6999999999999985e-07,0.0296,37
4576,-1.6959999999999982e-07,0.0304,38
4577,-1.691999999999998e-07,0.0304,38
4578,-1.6879999999999976e-07,0.0296,37
4579,-1.6839999999999995e-07,0.028800000000000003,36
4580,-1.6799999999999992e-07,0.0296,37
4581,-1.6759999999999989e-07,0.0296,37
4582,-1.6719999999999986e-07,0.0296,37
4583,-1.6679999999999983e-07,0.0296,37
4584,-1.663999999999998e-07,0.0296,37
4585,-1.6599999999999977e-07,0.028800000000000003,36
4586,-1.6559999999999995e-07,0.0296,37
4587,-1.6519999999999992e-07,0.0296,37
4588,-1.647999999999999e-07,0.0296,37
4589,-1.6439999999999986e-07,0.0296,37
4590,-1.6399999999999983e-07,0.0296,37
4591,-1.635999999999998e-07,0.0296,37
4592,-1.6319999999999977e-07,0.0296,37
4593,-1.6279999999999974e-07,0.0296,37
4594,-1.6239999999999992e-07,0.0304,38
4595,-1.619999999999999e-07,0.028800000000000003,36
4596,-1.6159999999999986e-07,0.0296,37
4597,-1.6119999999999983e-07,0.0296,37
4598,-1.607999999999998e-07,0.028800000000000003,36
4599,-1.6039999999999977e-07,0.0296,37
4600,-1.5999999999999974e-07,0.0296,37
4601,-1.5959999999999992e-07,0.0296,37
4602,-1.591999999999999e-07,0.028800000000000003,36
4603,-1.5879999999999986e-07,0.028800000000000003,36
4604,-1.5839999999999983e-07,0.028800000000000003,36
4605,-1.579999999999998e-07,0.028800000000000003,36
4606,-1.5759999999999977e-07,0.0296,37
4607,-1.5719999999999974e-07,0.0296,37
4608,-1.5679999999999992e-07,0.0296,37
4609,-1.563999999999999e-07,0.0296,37
4610,-1.5599999999999986e-07,0.0304,38
4611,-1.5559999999999983e-07,0.0296,37
4612,-1.551999999999998e-07,0.0296,37
4613,-1.5479999999999977e-07,0.0304,38
4614,-1.5439999999999974e-07,0.028800000000000003,36
4615,-1.5399999999999992e-07,0.0296,37
4616,-1.535999999999999e-07,0.028800000000000003,36
4617,-1.5319999999999986e-07,0.028800000000000003,36
4618,-1.5279999999999983e-07,0.028,35
4619,-1.523999999999998e-07,0.028800000000000003,36
4620,-1.5199999999999977e-07,0.0296,37
4621,-1.5159999999999974e-07,0.028800000000000003,36
4622,-1.5119999999999992e-07,0.028800000000000003,36
4623,-1.507999999999999e-07,0.0296,37
4624,-1.5039999999999986e-07,0.0296,37
4625,-1.4999999999999983e-07,0.0296,37
4626,-1.495999999999998e-07,0.0296,37
4627,-1.4919999999999977e-07,0.0304,38
4628,-1.4879999999999974e-07,0.028800000000000003,36
4629,-1.4839999999999993e-07,0.028800000000000003,36
4630,-1.479999999999999e-07,0.0296,37
4631,-1.4759999999999987e-07,0.0296,37
4632,-1.4719999999999984e-07,0.0296,37
4633,-1.467999999999998e-07,0.0296,37
4634,-1.4639999999999978e-07,0.028800000000000003,36
4635,-1.4599999999999975e-07,0.0296,37
4636,-1.4559999999999993e-07,0.0296,37
4637,-1.451999999999999e-07,0.028800000000000003,36
4638,-1.4479999999999987e-07,0.0296,37
4639,-1.4439999999999984e-07,0.028800000000000003,36
4640,-1.439999999999998e-07,0.0296,37
4641,-1.4359999999999978e-07,0.0296,37
4642,-1.4319999999999975e-07,0.0296,37
4643,-1.4279999999999993e-07,0.0296,37
4644,-1.423999999999999e-07,0.028800000000000003,36
4645,-1.4199999999999987e-07,0.0296,37
4646,-1.4159999999999984e-07,0.028800000000000003,36
4647,-1.411999999999998e-07,0.0296,37
4648,-1.4079999999999978e-07,0.028800000000000003,36
4649,-1.4039999999999975e-07,0.0296,37
4650,-1.3999999999999993e-07,0.0296,37
4651,-1.395999999999999e-07,0.0296,37
4652,-1.3919999999999987e-07,0.0296,37
4653,-1.3879999999999984e-07,0.028800000000000003,36
4654,-1.383999999999998e-07,0.0296,37
4655,-1.3799999999999978e-07,0.028800000000000003,36
4656,-1.3759999999999975e-07,0.028800000000000003,36
4657,-1.3719999999999993e-07,0.028800000000000003,36
4658,-1.367999999999999e-07,0.0296,37
4659,-1.3639999999999987e-07,0.0296,37
4660,-1.3599999999999984e-07,0.0296,37
4661,-1.355999999999998e-07,0.0296,37
4662,-1.3519999999999978e-07,0.028800000000000003,36
4663,-1.3479999999999975e-07,0.028800000000000003,36
4664,-1.3439999999999993e-07,0.0296,37
4665,-1.339999999999999e-07,0.028800000000000003,36
4666,-1.3359999999999987e-07,0.0296,37
4667,-1.3319999999999984e-07,0.0296,37
4668,-1.327999999999998e-07,0.0296,37
4669,-1.3239999999999978e-07,0.0296,37
4670,-1.3199999999999975e-07,0.0296,37
4671,-1.3159999999999993e-07,0.0296,37
4672,-1.311999999999999e-07,0.0296,37
4673,-1.3079999999999987e-07,0.0296,37
4674,-1.3039999999999984e-07,0.0296,37
4675,-1.2999999999999981e-07,0.0296,37
4676,-1.2959999999999978e-07,0.0296,37
4677,-1.2919999999999975e-07,0.0296,37
4678,-1.2879999999999994e-07,0.028800000000000003,36
4679,-1.283999999999999e-07,0.028800000000000003,36
4680,-1.2799999999999988e-07,0.0296,37
4681,-1.2759999999999985e-07,0.0296,37
4682,-1.2719999999999982e-07,0.028800000000000003,36
4683,-1.2679999999999979e-07,0.0296,37
4684,-1.2639999999999976e-07,0.0296,37
4685,-1.2599999999999994e-07,0.0304,38
4686,-1.255999999999999e-07,0.0296,37
4687,-1.2519999999999988e-07,0.0296,37
4688,-1.2479999999999985e-07,0.0296,37
4689,-1.2439999999999982e-07,0.0296,37
4690,-1.239999999999998e-07,0.028,35
4691,-1.2359999999999976e-07,0.028800000000000003,36
4692,-1.2319999999999994e-07,0.0296,37
4693,-1.227999999999999e-07,0.028800000000000003,36
4694,-1.2239999999999988e-07,0.028800000000000003,36
4695,-1.2199999999999985e-07,0.0296,37
4696,-1.2159999999999982e-07,0.0296,37
4697,-1.211999999999998e-07,0.028800000000000003,36
4698,-1.2079999999999976e-07,0.028,35
4699,-1.2039999999999994e-07,0.028800000000000003,36
4700,-1.199999999999999e-07,0.0296,37
4701,-1.1959999999999988e-07,0.0296,37
4702,-1.1919999999999985e-07,0.0296,37
4703,-1.1879999999999982e-07,0.0296,37
4704,-1.1839999999999979e-07,0.0296,37
4705,-1.1799999999999976e-07,0.0296,37
4706,-1.1759999999999994e-07,0.0296,37
4707,-1.1719999999999991e-07,0.0296,37
4708,-1.1679999999999988e-07,0.0296,37
4709,-1.1639999999999985e-07,0.0296,37
4710,-1.1599999999999982e-07,0.0296,37
4711,-1.1559999999999979e-07,0.0296,37
4712,-1.1519999999999976e-07,0.0296,37
4713,-1.1479999999999994e-07,0.0296,37
4714,-1.1439999999999991e-07,0.0296,37
4715,-1.1399999999999988e-07,0.0296,37
4716,-1.1359999999999985e-07,0.0296,37
4717,-1.1319999999999982e-07,0.0296,37
4718,-1.1279999999999979e-07,0.0296,37
4719,-1.1239999999999976e-07,0.028800000000000003,36
4720,-1.1199999999999994e-07,0.0296,37
4721,-1.1159999999999991e-07,0.028800000000000003,36
4722,-1.1119999999999988e-07,0.0296,37
4723,-1.1079999999999985e-07,0.0296,37
4724,-1.1039999999999982e-07,0.0296,37
4725,-1.099999999999998e-07,0.0296,37
4726,-1.0959999999999976e-07,0.028800000000000003,36
4727,-1.0919999999999995e-07,0.0296,37
4728,-1.0879999999999992e-07,0.0304,38
4729,-1.0839999999999989e-07,0.0296,37
4730,-1.0799999999999986e-07,0.0296,37
4731,-1.0759999999999983e-07,0.028800000000000003,36
4732,-1.071999999999998e-07,0.0296,37
4733,-1.0679999999999977e-07,0.0296,37
4734,-1.0639999999999974e-07,0.0296,37
4735,-1.0599999999999992e-07,0.0296,37
4736,-1.0559999999999989e-07,0.028800000000000003,36
4737,-1.0519999999999986e-07,0.028800000000000003,36
4738,-1.0479999999999983e-07,0.028800000000000003,36
4739,-1.043999999999998e-07,0.0296,37
4740,-1.0399999999999977e-07,0.028800000000000003,36
4741,-1.0359999999999974e-07,0.028800000000000003,36
4742,-1.0319999999999992e-07,0.028800000000000003,36
4743,-1.0279999999999989e-07,0.028800000000000003,36
4744,-1.0239999999999986e-07,0.028800000000000003,36
4745,-1.0199999999999983e-07,0.0296,37
4746,-1.015999999999998e-07,0.028800000000000003,36
4747,-1.0119999999999977e-07,0.028800000000000003,36
4748,-1.0079999999999974e-07,0.0296,37
4749,-1.0039999999999992e-07,0.0296,37
4750,-9.999999999999989e-08,0.0304,38
4751,-9.959999999999986e-08,0.0296,37
4752,-9.919999999999983e-08,0.0296,37
4753,-9.87999999999998e-08,0.0296,37
4754,-9.839999999999977e-08,0.028800000000000003,36
4755,-9.799999999999974e-08,0.028800000000000003,36
4756,-9.759999999999992e-08,0.028800000000000003,36
4757,-9.719999999999989e-08,0.0296,37
4758,-9.679999999999986e-08,0.0296,37
4759,-9.639999999999983e-08,0.0296,37
4760,-9.59999999999998e-08,0.0296,37
4761,-9.559999999999977e-08,0.0296,37
4762,-9.519999999999974e-08,0.028800000000000003,36
4763,-9.479999999999992e-08,0.0296,37
4764,-9.439999999999989e-08,0.028800000000000003,36
4765,-9.399999999999986e-08,0.0296,37
4766,-9.359999999999983e-08,0.0296,37
4767,-9.31999999999998e-08,0.0296,37
4768,-9.279999999999977e-08,0.0304,38
4769,-9.239999999999974e-08,0.028800000000000003,36
4770,-9.199999999999971e-08,0.028800000000000003,36
4771,-9.159999999999968e-08,0.0296,37
4772,-9.119999999999965e-08,0.0296,37
4773,-9.080000000000005e-08,0.0296,37
4774,-9.040000000000002e-08,0.028800000000000003,36
4775,-8.999999999999999e-08,0.0296,37
4776,-8.959999999999996e-08,0.0296,37
4777,-8.919999999999993e-08,0.028800000000000003,36
4778,-8.87999999999999e-08,0.028800000000000003,36
4779,-8.839999999999987e-08,0.0296,37
4780,-8.799999999999984e-08,0.0296,37
4781,-8.75999999999998e-08,0.0296,37
4782,-8.719999999999977e-08,0.0296,37
4783,-8.679999999999974e-08,0.0296,37
4784,-8.639999999999971e-08,0.028800000000000003,36
4785,-8.599999999999968e-08,0.0296,37
4786,-8.559999999999965e-08,0.0296,37
4787,-8.520000000000005e-08,0.0304,38
4788,-8.480000000000002e-08,0.0296,37
4789,-8.439999999999999e-08,0.0296,37
4790,-8.399999999999996e-08,0.0296,37
4791,-8.359999999999993e-08,0.0296,37
4792,-8.31999999999999e-08,0.0296,37
4793,-8.279999999999987e-08,0.0296,37
4794,-8.239999999999984e-08,0.0296,37
4795,-8.199999999999981e-08,0.0296,37
4796,-8.159999999999978e-08,0.0296,37
4797,-8.119999999999975e-08,0.0296,37
4798,-8.079999999999972e-08,0.0296,37
4799,-8.039999999999969e-08,0.0296,37
4800,-7.999999999999966e-08,0.0296,37
4801,-7.960000000000005e-08,0.0296,37
4802,-7.920000000000002e-08,0.0296,37
4803,-7.879999999999999e-08,0.0296,37
4804,-7.839999999999996e-08,0.028800000000000003,36
4805,-7.799999999999993e-08,0.028800000000000003,36
4806,-7.75999999999999e-08,0.028800000000000003,36
4807,-7.719999999999987e-08,0.0296,37
4808,-7.679999999999984e-08,0.0296,37
4809,-7.639999999999981e-08,0.0296,37
4810,-7.599999999999978e-08,0.028800000000000003,36
4811,-7.559999999999975e-08,0.0296,37
4812,-7.519999999999972e-08,0.0296,37
4813,-7.479999999999969e-08,0.028800000000000003,36
4814,-7.439999999999966e-08,0.0296,37
4815,-7.399999999999963e-08,0.028800000000000003,36
4816,-7.360000000000002e-08,0.0296,37
4817,-7.32e-08,0.0296,37
4818,-7.279999999999996e-08,0.0296,37
4819,-7.239999999999993e-08,0.0296,37
4820,-7.19999999999999e-08,0.028800000000000003,36
4821,-7.159999999999987e-08,0.028800000000000003,36
4822,-7.119999999999984e-08,0.0296,37
4823,-7.079999999999981e-08,0.0296,37
4824,-7.039999999999978e-08,0.0296,37
4825,-6.999999999999975e-08,0.0296,37
4826,-6.959999999999972e-08,0.0296,37
4827,-6.919999999999969e-08,0.0296,37
4828,-6.879999999999966e-08,0.028800000000000003,36
4829,-6.839999999999963e-08,0.028800000000000003,36
4830,-6.800000000000003e-08,0.0296,37
4831,-6.76e-08,0.028800000000000003,36
4832,-6.719999999999997e-08,0.028800000000000003,36
4833,-6.679999999999994e-08,0.028800000000000003,36
4834,-6.63999999999999e-08,0.028800000000000003,36
4835,-6.599999999999988e-08,0.0296,37
4836,-6.559999999999985e-08,0.028800000000000003,36
4837,-6.519999999999982e-08,0.0296,37
4838,-6.479999999999979e-08,0.028800000000000003,36
4839,-6.439999999999976e-08,0.028,35
4840,-6.399999999999973e-08,0.028800000000000003,36
4841,-6.35999999999997e-08,0.028800000000000003,36
4842,-6.319999999999967e-08,0.0296,37
4843,-6.279999999999964e-08,0.0304,38
4844,-6.240000000000003e-08,0.0296,37
4845,-6.2e-08,0.0296,37
4846,-6.159999999999997e-08,0.0296,37
4847,-6.119999999999994e-08,0.0296,37
4848,-6.079999999999991e-08,0.0296,37
4849,-6.039999999999988e-08,0.0296,37
4850,-5.999999999999985e-08,0.0296,37
4851,-5.959999999999982e-08,0.0296,37
4852,-5.919999999999979e-08,0.028800000000000003,36
4853,-5.879999999999976e-08,0.028800000000000003,36
4854,-5.839999999999973e-08,0.0296,37
4855,-5.79999999999997e-08,0.028800000000000003,36
4856,-5.759999999999967e-08,0.028,35
4857,-5.719999999999964e-08,0.0296,37
4858,-5.680000000000003e-08,0.028800000000000003,36
4859,-5.64e-08,0.0296,37
4860,-5.599999999999997e-08,0.0296,37
4861,-5.559999999999994e-08,0.0304,38
4862,-5.519999999999991e-08,0.028800000000000003,36
4863,-5.479999999999988e-08,0.0296,37
4864,-5.439999999999985e-08,0.028800000000000003,36
4865,-5.399999999999982e-08,0.0296,37
4866,-5.359999999999979e-08,0.028800000000000003,36
4867,-5.319999999999976e-08,0.028800000000000003,36
4868,-5.279999999999973e-08,0.028800000000000003,36
4869,-5.23999999999997e-08,0.028800000000000003,36
4870,-5.199999999999967e-08,0.0296,37
4871,-5.159999999999964e-08,0.028800000000000003,36
4872,-5.1200000000000035e-08,0.028800000000000003,36
4873,-5.0800000000000005e-08,0.028800000000000003,36
4874,-5.0399999999999975e-08,0.028800000000000003,36
4875,-4.9999999999999945e-08,0.028800000000000003,36
4876,-4.9599999999999915e-08,0.0296,37
4877,-4.9199999999999885e-08,0.028800000000000003,36
4878,-4.8799999999999855e-08,0.028800000000000003,36
4879,-4.8399999999999825e-08,0.028800000000000003,36
4880,-4.7999999999999795e-08,0.028800000000000003,36
4881,-4.7599999999999764e-08,0.0296,37
4882,-4.7199999999999734e-08,0.028800000000000003,36
4883,-4.6799999999999704e-08,0.0296,37
4884,-4.6399999999999674e-08,0.0296,37
4885,-4.5999999999999644e-08,0.028800000000000003,36
4886,-4.560000000000004e-08,0.028800000000000003,36
4887,-4.520000000000001e-08,0.0296,37
4888,-4.479999999999998e-08,0.0296,37
4889,-4.439999999999995e-08,0.0296,37
4890,-4.399999999999992e-08,0.0304,38
4891,-4.359999999999989e-08,0.028800000000000003,36
4892,-4.319999999999986e-08,0.0296,37
4893,-4.279999999999983e-08,0.0296,37
4894,-4.23999999999998e-08,0.0296,37
4895,-4.199999999999977e-08,0.0296,37
4896,-4.159999999999974e-08,0.0296,37
4897,-4.119999999999971e-08,0.0304,38
4898,-4.079999999999968e-08,0.0296,37
4899,-4.039999999999965e-08,0.0296,37
4900,-4.000000000000004e-08,0.028800000000000003,36
4901,-3.960000000000001e-08,0.028800000000000003,36
4902,-3.919999999999998e-08,0.0296,37
4903,-3.879999999999995e-08,0.028800000000000003,36
4904,-3.839999999999992e-08,0.0296,37
4905,-3.799999999999989e-08,0.0296,37
4906,-3.759999999999986e-08,0.0304,38
4907,-3.719999999999983e-08,0.0304,38
4908,-3.67999999999998e-08,0.0296,37
4909,-3.639999999999977e-08,0.0296,37
4910,-3.599999999999974e-08,0.0296,37
4911,-3.559999999999971e-08,0.0296,37
4912,-3.519999999999968e-08,0.0304,38
4913,-3.479999999999965e-08,0.0296,37
4914,-3.4400000000000043e-08,0.0296,37
4915,-3.400000000000001e-08,0.0296,37
4916,-3.359999999999998e-08,0.0296,37
4917,-3.319999999999995e-08,0.0296,37
4918,-3.279999999999992e-08,0.0304,38
4919,-3.239999999999989e-08,0.0296,37
4920,-3.199999999999986e-08,0.028800000000000003,36
4921,-3.159999999999983e-08,0.0296,37
4922,-3.11999999999998e-08,0.028800000000000003,36
4923,-3.079999999999977e-08,0.028800000000000003,36
4924,-3.039999999999974e-08,0.0296,37
4925,-2.999999999999971e-08,0.0296,37
4926,-2.9599999999999683e-08,0.0296,37
4927,-2.9199999999999653e-08,0.0296,37
4928,-2.8800000000000046e-08,0.0296,37
4929,-2.8400000000000016e-08,0.0296,37
4930,-2.7999999999999986e-08,0.028800000000000003,36
4931,-2.7599999999999956e-08,0.028800000000000003,36
4932,-2.7199999999999926e-08,0.028,35
4933,-2.6799999999999896e-08,0.0296,37
4934,-2.6399999999999866e-08,0.0296,37
4935,-2.5999999999999836e-08,0.0296,37
4936,-2.5599999999999806e-08,0.0296,37
4937,-2.5199999999999776e-08,0.028800000000000003,36
4938,-2.4799999999999746e-08,0.0296,37
4939,-2.4399999999999716e-08,0.0296,37
4940,-2.3999999999999686e-08,0.0296,37
4941,-2.3599999999999655e-08,0.0296,37
4942,-2.320000000000005e-08,0.028800000000000003,36
4943,-2.280000000000002e-08,0.0296,37
4944,-2.239999999999999e-08,0.0296,37
4945,-2.199999999999996e-08,0.0296,37
4946,-2.159999999999993e-08,0.0296,37
4947,-2.11999999999999e-08,0.0296,37
4948,-2.079999999999987e-08,0.0304,38
4949,-2.039999999999984e-08,0.0296,37
4950,-1.999999999999981e-08,0.028800000000000003,36
4951,-1.959999999999978e-08,0.0296,37
4952,-1.919999999999975e-08,0.0296,37
4953,-1.879999999999972e-08,0.028800000000000003,36
4954,-1.8399999999999688e-08,0.028800000000000003,36
4955,-1.7999999999999658e-08,0.028800000000000003,36
4956,-1.7599999999999628e-08,0.028800000000000003,36
4957,-1.7200000000000022e-08,0.0296,37
4958,-1.679999999999999e-08,0.028800000000000003,36
4959,-1.639999999999996e-08,0.028800000000000003,36
4960,-1.599999999999993e-08,0.028800000000000003,36
4961,-1.55999999999999e-08,0.0296,37
4962,-1.519999999999987e-08,0.0296,37
4963,-1.4799999999999841e-08,0.028800000000000003,36
4964,-1.4399999999999811e-08,0.028800000000000003,36
4965,-1.3999999999999781e-08,0.028800000000000003,36
4966,-1.3599999999999751e-08,0.028800000000000003,36
4967,-1.3199999999999721e-08,0.028800000000000003,36
4968,-1.2799999999999691e-08,0.028800000000000003,36
4969,-1.2399999999999661e-08,0.0296,37
4970,-1.1999999999999631e-08,0.028800000000000003,36
4971,-1.1600000000000024e-08,0.028,35
4972,-1.1199999999999994e-08,0.028800000000000003,36
4973,-1.0799999999999964e-08,0.028,35
4974,-1.0399999999999934e-08,0.028,35
4975,-9.999999999999904e-09,0.028800000000000003,36
4976,-9.599999999999874e-09,0.027200000000000002,34
4977,-9.199999999999844e-09,0.027200000000000002,34
4978,-8.799999999999814e-09,0.027200000000000002,34
4979,-8.399999999999784e-09,0.0264,33
4980,-7.999999999999754e-09,0.0256,32
4981,-7.599999999999724e-09,0.0256,32
4982,-7.199999999999694e-09,0.0256,32
4983,-6.799999999999664e-09,0.024800000000000003,31
4984,-6.399999999999634e-09,0.023200000000000002,29
4985,-6.000000000000027e-09,0.023200000000000002,29
4986,-5.599999999999997e-09,0.0216,27
4987,-5.199999999999967e-09,0.020800000000000003,26
4988,-4.799999999999937e-09,0.020800000000000003,26
4989,-4.399999999999907e-09,0.02,25
4990,-3.999999999999877e-09,0.0184,23
4991,-3.599999999999847e-09,0.016800000000000002,21
4992,-3.199999999999817e-09,0.014400000000000001,18
4993,-2.799999999999787e-09,0.013600000000000001,17
4994,-2.3999999999997568e-09,0.013600000000000001,17
4995,-1.9999999999997267e-09,0.0128,16
4996,-1.5999999999996967e-09,0.010400000000000001,13
4997,-1.1999999999996666e-09,0.010400000000000001,13
4998,-7.999999999996366e-10,0.008,10
4999,-4.0000000000003005e-10,0.008,10
5000,0.0,0.007200000000000001,9
5001,4.0000000000003005e-10,0.0048000000000000004,6
5002,8.000000000000601e-10,0.004,5
5003,1.2000000000000902e-09,0.0032,4
5004,1.6000000000001202e-09,0.0032,4
5005,2.0000000000001503e-09,0.0016,2
5006,2.4000000000001803e-09,0.0016,2
5007,2.8000000000002104e-09,0.0016,2
5008,3.2000000000002404e-09,0.0016,2
5009,3.6000000000002705e-09,0.0016,2
5010,4.0000000000003005e-09,0.0032,4
5011,4.4000000000003306e-09,0.0032,4
5012,4.800000000000361e-09,0.0048000000000000004,6
5013,5.199999999999967e-09,0.0056,7
5014,5.599999999999997e-09,0.0064,8
5015,6.000000000000027e-09,0.008,10
5016,6.400000000000057e-09,0.008,10
5017,6.800000000000087e-09,0.0088,11
5018,7.200000000000117e-09,0.009600000000000001,12
5019,7.600000000000147e-09,0.010400000000000001,13
5020,8.000000000000178e-09,0.012,15
5021,8.400000000000208e-09,0.012,15
5022,8.800000000000238e-09,0.0128,16
5023,9.200000000000268e-09,0.014400000000000001,18
5024,9.600000000000298e-09,0.016800000000000002,21
5025,1.0000000000000328e-08,0.0176,22
5026,1.0400000000000358e-08,0.019200000000000002,24
5027,1.0799999999999964e-08,0.019200000000000002,24
5028,1.1199999999999994e-08,0.0216,27
5029,1.1600000000000024e-08,0.0224,28
5030,1.2000000000000055e-08,0.024,30
5031,1.2400000000000085e-08,0.024800000000000003,31
5032,1.2800000000000115e-08,0.024,30
5033,1.3200000000000145e-08,0.023200000000000002,29
5034,1.3600000000000175e-08,0.024,30
5035,1.4000000000000205e-08,0.023200000000000002,29
5036,1.4400000000000235e-08,0.024,30
5037,1.4800000000000265e-08,0.024,30
5038,1.5200000000000295e-08,0.024800000000000003,31
5039,1.5600000000000325e-08,0.0256,32
5040,1.6000000000000355e-08,0.0264,33
5041,1.639999999999996e-08,0.0264,33
5042,1.679999999999999e-08,0.027200000000000002,34
5043,1.7200000000000022e-08,0.028,35
5044,1.7600000000000052e-08,0.0264,33
5045,1.8000000000000082e-08,0.027200000000000002,34
5046,1.8400000000000112e-08,0.028,35
5047,1.8800000000000142e-08,0.027200000000000002,34
5048,1.9200000000000172e-08,0.0256,32
5049,1.9600000000000202e-08,0.0256,32
5050,2.0000000000000232e-08,0.0256,32
5051,2.0400000000000262e-08,0.024800000000000003,31
5052,2.0800000000000292e-08,0.0256,32
5053,2.1200000000000322e-08,0.0256,32
5054,2.1600000000000352e-08,0.0256,32
5055,2.199999999999996e-08,0.027200000000000002,34
5056,2.239999999999999e-08,0.028800000000000003,36
5057,2.280000000000002e-08,0.027200000000000002,34
5058,2.320000000000005e-08,0.027200000000000002,34
5059,2.360000000000008e-08,0.027200000000000002,34
5060,2.400000000000011e-08,0.027200000000000002,34
5061,2.440000000000014e-08,0.027200000000000002,34
5062,2.480000000000017e-08,0.0264,33
5063,2.52000000000002e-08,0.0264,33
5064,2.560000000000023e-08,0.0264,33
5065,2.600000000000026e-08,0.0256,32
5066,2.640000000000029e-08,0.0256,32
5067,2.680000000000032e-08,0.027200000000000002,34
5068,2.720000000000035e-08,0.027200000000000002,34
5069,2.7599999999999956e-08,0.027200000000000002,34
5070,2.7999999999999986e-08,0.027200000000000002,34
5071,2.8400000000000016e-08,0.028800000000000003,36
5072,2.8800000000000046e-08,0.027200000000000002,34
5073,2.9200000000000076e-08,0.028,35
5074,2.9600000000000106e-08,0.027200000000000002,34
5075,3.0000000000000136e-08,0.027200000000000002,34
5076,3.0400000000000166e-08,0.0264,33
5077,3.0800000000000196e-08,0.027200000000000002,34
5078,3.1200000000000226e-08,0.024800000000000003,31
5079,3.1600000000000256e-08,0.0256,32
5080,3.2000000000000287e-08,0.024800000000000003,31
5081,3.2400000000000317e-08,0.024800000000000003,31
5082,3.2800000000000347e-08,0.024800000000000003,31
5083,3.319999999999995e-08,0.024800000000000003,31
5084,3.359999999999998e-08,0.024800000000000003,31
5085,3.400000000000001e-08,0.0256,32
5086,3.4400000000000043e-08,0.0256,32
5087,3.4800000000000073e-08,0.024800000000000003,31
5088,3.5200000000000103e-08,0.024,30
5089,3.5600000000000133e-08,0.024,30
5090,3.6000000000000164e-08,0.023200000000000002,29
5091,3.6400000000000194e-08,0.024,30
5092,3.6800000000000224e-08,0.023200000000000002,29
5093,3.7200000000000254e-08,0.024,30
5094,3.7600000000000284e-08,0.024800000000000003,31
5095,3.8000000000000314e-08,0.024800000000000003,31
5096,3.8400000000000344e-08,0.024800000000000003,31
5097,3.8800000000000374e-08,0.024800000000000003,31
5098,3.919999999999998e-08,0.024,30
5099,3.960000000000001e-08,0.0256,32
5100,4.000000000000004e-08,0.0256,32
5101,4.040000000000007e-08,0.0264,33
5102,4.08000000000001e-08,0.027200000000000002,34
5103,4.120000000000013e-08,0.027200000000000002,34
5104,4.160000000000016e-08,0.0264,33
5105,4.200000000000019e-08,0.0264,33
5106,4.240000000000022e-08,0.0264,33
5107,4.280000000000025e-08,0.0264,33
5108,4.320000000000028e-08,0.027200000000000002,34
5109,4.360000000000031e-08,0.027200000000000002,34
5110,4.400000000000034e-08,0.027200000000000002,34
5111,4.440000000000037e-08,0.027200000000000002,34
5112,4.479999999999998e-08,0.028800000000000003,36
5113,4.520000000000001e-08,0.028800000000000003,36
5114,4.560000000000004e-08,0.028,35
5115,4.600000000000007e-08,0.028,35
5116,4.64000000000001e-08,0.0296,37
5117,4.680000000000013e-08,0.028800000000000003,36
5118,4.720000000000016e-08,0.0296,37
5119,4.760000000000019e-08,0.0296,37
5120,4.800000000000022e-08,0.028800000000000003,36
5121,4.840000000000025e-08,0.028800000000000003,36
5122,4.880000000000028e-08,0.0296,37
5123,4.920000000000031e-08,0.0304,38
5124,4.960000000000034e-08,0.0296,37
5125,5.000000000000037e-08,0.0304,38
5126,5.0399999999999975e-08,0.031200000000000002,39
5127,5.0800000000000005e-08,0.0304,38
5128,5.1200000000000035e-08,0.0296,37
5129,5.1600000000000065e-08,0.031200000000000002,39
5130,5.2000000000000095e-08,0.031200000000000002,39
5131,5.2400000000000125e-08,0.031200000000000002,39
5132,5.2800000000000155e-08,0.031200000000000002,39
5133,5.3200000000000185e-08,0.031200000000000002,39
5134,5.3600000000000215e-08,0.032,40
5135,5.4000000000000245e-08,0.032,40
5136,5.4400000000000275e-08,0.032,40
5137,5.4800000000000305e-08,0.032,40
5138,5.5200000000000335e-08,0.032,40
5139,5.5600000000000366e-08,0.032,40
5140,5.599999999999997e-08,0.032,40
5141,5.64e-08,0.031200000000000002,39
5142,5.680000000000003e-08,0.0304,38
5143,5.720000000000006e-08,0.031200000000000002,39
5144,5.760000000000009e-08,0.031200000000000002,39
5145,5.800000000000012e-08,0.032,40
5146,5.840000000000015e-08,0.032,40
5147,5.880000000000018e-08,0.032,40
5148,5.920000000000021e-08,0.0304,38
5149,5.960000000000024e-08,0.031200000000000002,39
5150,6.000000000000027e-08,0.0304,38
5151,6.04000000000003e-08,0.0304,38
5152,6.080000000000033e-08,0.0296,37
5153,6.120000000000036e-08,0.0304,38
5154,6.159999999999997e-08,0.031200000000000002,39
5155,6.2e-08,0.0296,37
5156,6.240000000000003e-08,0.0296,37
5157,6.280000000000006e-08,0.0296,37
5158,6.320000000000009e-08,0.028800000000000003,36
5159,6.360000000000012e-08,0.028800000000000003,36
5160,6.400000000000015e-08,0.0296,37
5161,6.440000000000018e-08,0.028800000000000003,36
5162,6.480000000000021e-08,0.0296,37
5163,6.520000000000024e-08,0.028,35
5164,6.560000000000027e-08,0.028800000000000003,36
5165,6.60000000000003e-08,0.0296,37
5166,6.640000000000033e-08,0.027200000000000002,34
5167,6.680000000000036e-08,0.027200000000000002,34
5168,6.719999999999997e-08,0.0264,33
5169,6.76e-08,0.028,35
5170,6.800000000000003e-08,0.028,35
5171,6.840000000000006e-08,0.027200000000000002,34
5172,6.880000000000009e-08,0.027200000000000002,34
5173,6.920000000000012e-08,0.027200000000000002,34
5174,6.960000000000015e-08,0.027200000000000002,34
5175,7.000000000000018e-08,0.028,35
5176,7.040000000000021e-08,0.027200000000000002,34
5177,7.080000000000024e-08,0.027200000000000002,34
5178,7.120000000000027e-08,0.027200000000000002,34
5179,7.16000000000003e-08,0.027200000000000002,34
5180,7.200000000000033e-08,0.028,35
5181,7.240000000000036e-08,0.027200000000000002,34
5182,7.279999999999996e-08,0.027200000000000002,34
5183,7.32e-08,0.027200000000000002,34
5184,7.360000000000002e-08,0.028,35
5185,7.400000000000005e-08,0.028,35
5186,7.440000000000008e-08,0.028,35
5187,7.480000000000011e-08,0.0296,37
5188,7.520000000000014e-08,0.028800000000000003,36
5189,7.560000000000017e-08,0.028800000000000003,36
5190,7.60000000000002e-08,0.027200000000000002,34
5191,7.640000000000023e-08,0.028800000000000003,36
5192,7.680000000000026e-08,0.028,35
5193,7.72000000000003e-08,0.028800000000000003,36
5194,7.760000000000032e-08,0.028800000000000003,36
5195,7.800000000000035e-08,0.0304,38
5196,7.839999999999996e-08,0.0304,38
5197,7.879999999999999e-08,0.0296,37
5198,7.920000000000002e-08,0.028800000000000003,36
5199,7.960000000000005e-08,0.0304,38
5200,8.000000000000008e-08,0.0296,37
5201,8.040000000000011e-08,0.0296,37
5202,8.080000000000014e-08,0.0296,37
5203,8.120000000000017e-08,0.031200000000000002,39
5204,8.16000000000002e-08,0.031200000000000002,39
5205,8.200000000000023e-08,0.031200000000000002,39
5206,8.240000000000026e-08,0.031200000000000002,39
5207,8.280000000000029e-08,0.031200000000000002,39
5208,8.320000000000032e-08,0.031200000000000002,39
5209,8.360000000000035e-08,0.031200000000000002,39
5210,8.399999999999996e-08,0.031200000000000002,39
5211,8.439999999999999e-08,0.031200000000000002,39
5212,8.480000000000002e-08,0.031200000000000002,39
5213,8.520000000000005e-08,0.0304,38
5214,8.560000000000008e-08,0.031200000000000002,39
5215,8.600000000000011e-08,0.031200000000000002,39
5216,8.640000000000014e-08,0.032,40
5217,8.680000000000017e-08,0.031200000000000002,39
5218,8.72000000000002e-08,0.032,40
5219,8.760000000000023e-08,0.0304,38
5220,8.800000000000026e-08,0.0304,38
5221,8.840000000000029e-08,0.031200000000000002,39
5222,8.880000000000032e-08,0.0304,38
5223,8.920000000000035e-08,0.032,40
5224,8.959999999999996e-08,0.0304,38
5225,8.999999999999999e-08,0.0304,38
5226,9.040000000000002e-08,0.0296,37
5227,9.080000000000005e-08,0.0304,38
5228,9.120000000000008e-08,0.0296,37
5229,9.16000000000001e-08,0.0296,37
5230,9.200000000000014e-08,0.028800000000000003,36
5231,9.240000000000017e-08,0.028800000000000003,36
5232,9.28000000000002e-08,0.0296,37
5233,9.320000000000023e-08,0.0296,37
5234,9.360000000000026e-08,0.028800000000000003,36
5235,9.400000000000029e-08,0.0296,37
5236,9.440000000000032e-08,0.028800000000000003,36
5237,9.480000000000035e-08,0.028800000000000003,36
5238,9.520000000000038e-08,0.028800000000000003,36
5239,9.559999999999998e-08,0.028800000000000003,36
5240,9.600000000000001e-08,0.0296,37
5241,9.640000000000004e-08,0.028800000000000003,36
5242,9.680000000000007e-08,0.028800000000000003,36
5243,9.72000000000001e-08,0.027200000000000002,34
5244,9.760000000000013e-08,0.027200000000000002,34
5245,9.800000000000016e-08,0.028,35
5246,9.840000000000019e-08,0.027200000000000002,34
5247,9.880000000000022e-08,0.027200000000000002,34
5248,9.920000000000025e-08,0.028,35
5249,9.960000000000028e-08,0.027200000000000002,34
5250,1.0000000000000031e-07,0.027200000000000002,34
5251,1.0040000000000034e-07,0.028,35
5252,1.0080000000000037e-07,0.028,35
5253,1.0119999999999998e-07,0.028,35
5254,1.0160000000000001e-07,0.027200000000000002,34
5255,1.0200000000000004e-07,0.028,35
5256,1.0240000000000007e-07,0.028,35
5257,1.028000000000001e-07,0.0296,37
5258,1.0320000000000013e-07,0.028800000000000003,36
5259,1.0360000000000016e-07,0.028800000000000003,36
5260,1.0400000000000019e-07,0.028800000000000003,36
5261,1.0440000000000022e-07,0.028,35
5262,1.0480000000000025e-07,0.028800000000000003,36
5263,1.0520000000000028e-07,0.028800000000000003,36
5264,1.0560000000000031e-07,0.0296,37
5265,1.0600000000000034e-07,0.0296,37
5266,1.0640000000000037e-07,0.0296,37
5267,1.0679999999999998e-07,0.0296,37
5268,1.0720000000000001e-07,0.0296,37
5269,1.0760000000000004e-07,0.0296,37
5270,1.0800000000000007e-07,0.0296,37
5271,1.084000000000001e-07,0.0304,38
5272,1.0880000000000013e-07,0.0296,37
5273,1.0920000000000016e-07,0.0296,37
5274,1.0960000000000019e-07,0.0304,38
5275,1.1000000000000022e-07,0.031200000000000002,39
5276,1.1040000000000025e-07,0.031200000000000002,39
5277,1.1080000000000028e-07,0.031200000000000002,39
5278,1.1120000000000031e-07,0.0304,38
5279,1.1160000000000034e-07,0.0304,38
5280,1.1200000000000037e-07,0.0304,38
5281,1.1239999999999997e-07,0.0304,38
5282,1.128e-07,0.0304,38
5283,1.1320000000000003e-07,0.0296,37
5284,1.1360000000000006e-07,0.0304,38
5285,1.140000000000001e-07,0.0304,38
5286,1.1440000000000012e-07,0.031200000000000002,39
5287,1.1480000000000015e-07,0.0304,38
5288,1.1520000000000018e-07,0.0304,38
5289,1.1560000000000021e-07,0.031200000000000002,39
5290,1.1600000000000024e-07,0.0296,37
5291,1.1640000000000027e-07,0.031200000000000002,39
5292,1.168000000000003e-07,0.0304,38
5293,1.1720000000000033e-07,0.0304,38
5294,1.1760000000000036e-07,0.0304,38
5295,1.1799999999999997e-07,0.0304,38
5296,1.184e-07,0.0304,38
5297,1.1880000000000003e-07,0.0296,37
5298,1.1920000000000006e-07,0.0296,37
5299,1.196000000000001e-07,0.0296,37
5300,1.2000000000000012e-07,0.0304,38
5301,1.2040000000000015e-07,0.0304,38
5302,1.2080000000000018e-07,0.0304,38
5303,1.212000000000002e-07,0.0296,37
5304,1.2160000000000024e-07,0.028800000000000003,36
5305,1.2200000000000027e-07,0.0296,37
5306,1.224000000000003e-07,0.028800000000000003,36
5307,1.2280000000000033e-07,0.028800000000000003,36
5308,1.2320000000000036e-07,0.028800000000000003,36
5309,1.2359999999999997e-07,0.028,35
5310,1.24e-07,0.028,35
5311,1.2440000000000003e-07,0.028,35
5312,1.2480000000000006e-07,0.028,35
5313,1.252000000000001e-07,0.028800000000000003,36
5314,1.2560000000000012e-07,0.028,35
5315,1.2600000000000015e-07,0.0296,37
5316,1.2640000000000018e-07,0.0296,37
5317,1.268000000000002e-07,0.028800000000000003,36
5318,1.2720000000000024e-07,0.028800000000000003,36
5319,1.2760000000000027e-07,0.027200000000000002,34
5320,1.280000000000003e-07,0.028,35
5321,1.2840000000000033e-07,0.028,35
5322,1.2880000000000036e-07,0.028,35
5323,1.2919999999999997e-07,0.028,35
5324,1.296e-07,0.028,35
5325,1.3000000000000003e-07,0.028,35
5326,1.3040000000000006e-07,0.028800000000000003,36
5327,1.3080000000000009e-07,0.0296,37
5328,1.3120000000000012e-07,0.0296,37
5329,1.3160000000000015e-07,0.0296,37
5330,1.3200000000000018e-07,0.028800000000000003,36
5331,1.324000000000002e-07,0.0296,37
5332,1.3280000000000024e-07,0.028800000000000003,36
5333,1.3320000000000027e-07,0.028800000000000003,36
5334,1.336000000000003e-07,0.028800000000000003,36
5335,1.3400000000000033e-07,0.0296,37
5336,1.3440000000000036e-07,0.0304,38
5337,1.3479999999999996e-07,0.0304,38
5338,1.352e-07,0.0304,38
5339,1.3560000000000002e-07,0.0296,37
5340,1.3600000000000005e-07,0.0296,37
5341,1.3640000000000008e-07,0.0296,37
5342,1.3680000000000011e-07,0.028800000000000003,36
5343,1.3720000000000014e-07,0.0304,38
5344,1.3760000000000017e-07,0.0296,37
5345,1.380000000000002e-07,0.0296,37
5346,1.3840000000000023e-07,0.0304,38
5347,1.3880000000000026e-07,0.0296,37
5348,1.392000000000003e-07,0.0304,38
5349,1.3960000000000032e-07,0.0296,37
5350,1.4000000000000035e-07,0.0296,37
5351,1.4039999999999996e-07,0.0304,38
5352,1.408e-07,0.0304,38
5353,1.4120000000000002e-07,0.0296,37
5354,1.4160000000000005e-07,0.0296,37
5355,1.4200000000000008e-07,0.0304,38
5356,1.424000000000001e-07,0.0296,37
5357,1.4280000000000014e-07,0.0304,38
5358,1.4320000000000017e-07,0.0304,38
5359,1.436000000000002e-07,0.0304,38
5360,1.4400000000000023e-07,0.0304,38
5361,1.4440000000000026e-07,0.0304,38
5362,1.448000000000003e-07,0.0296,37
5363,1.4520000000000032e-07,0.0296,37
5364,1.4560000000000035e-07,0.031200000000000002,39
5365,1.4599999999999996e-07,0.0296,37
5366,1.464e-07,0.0304,38
5367,1.4680000000000002e-07,0.0296,37
5368,1.4720000000000005e-07,0.0296,37
5369,1.4760000000000008e-07,0.0296,37
5370,1.480000000000001e-07,0.0296,37
5371,1.4840000000000014e-07,0.028800000000000003,36
5372,1.4880000000000017e-07,0.0296,37
5373,1.492000000000002e-07,0.0296,37
5374,1.4960000000000023e-07,0.028800000000000003,36
5375,1.5000000000000026e-07,0.0296,37
5376,1.504000000000003e-07,0.0296,37
5377,1.5080000000000032e-07,0.0296,37
5378,1.5120000000000035e-07,0.0296,37
5379,1.5160000000000038e-07,0.0296,37
5380,1.5199999999999998e-07,0.0296,37
5381,1.5240000000000001e-07,0.028800000000000003,36
5382,1.5280000000000004e-07,0.0296,37
5383,1.5320000000000007e-07,0.028800000000000003,36
5384,1.536000000000001e-07,0.028800000000000003,36
5385,1.5400000000000013e-07,0.028800000000000003,36
5386,1.5440000000000016e-07,0.028800000000000003,36
5387,1.548000000000002e-07,0.028800000000000003,36
5388,1.5520000000000023e-07,0.0296,37
5389,1.5560000000000026e-07,0.028800000000000003,36
5390,1.5600000000000029e-07,0.028,35
5391,1.5640000000000032e-07,0.028800000000000003,36
5392,1.5680000000000035e-07,0.028800000000000003,36
5393,1.5720000000000038e-07,0.028,35
5394,1.5759999999999998e-07,0.028,35
5395,1.58e-07,0.028800000000000003,36
5396,1.5840000000000004e-07,0.028800000000000003,36
5397,1.5880000000000007e-07,0.0296,37
5398,1.592000000000001e-07,0.028800000000000003,36
5399,1.5960000000000013e-07,0.028800000000000003,36
5400,1.6000000000000016e-07,0.0296,37
5401,1.604000000000002e-07,0.028800000000000003,36
5402,1.6080000000000022e-07,0.0296,37
5403,1.6120000000000025e-07,0.0296,37
5404,1.6160000000000028e-07,0.0296,37
5405,1.620000000000003e-07,0.0296,37
5406,1.6240000000000034e-07,0.0296,37
5407,1.6280000000000037e-07,0.0296,37
5408,1.6319999999999998e-07,0.028800000000000003,36
5409,1.636e-07,0.0296,37
5410,1.6400000000000004e-07,0.028800000000000003,36
5411,1.6440000000000007e-07,0.028800000000000003,36
5412,1.648000000000001e-07,0.0296,37
5413,1.6520000000000013e-07,0.0296,37
5414,1.6560000000000016e-07,0.0304,38
5415,1.660000000000002e-07,0.0296,37
5416,1.6640000000000022e-07,0.028800000000000003,36
5417,1.6680000000000025e-07,0.0296,37
5418,1.6720000000000028e-07,0.0304,38
5419,1.676000000000003e-07,0.0296,37
5420,1.6800000000000034e-07,0.0304,38
5421,1.6840000000000037e-07,0.0304,38
5422,1.6879999999999998e-07,0.0296,37
5423,1.692e-07,0.0304,38
5424,1.6960000000000004e-07,0.0304,38
5425,1.7000000000000007e-07,0.0296,37
5426,1.704000000000001e-07,0.028800000000000003,36
5427,1.7080000000000013e-07,0.0296,37
5428,1.7120000000000016e-07,0.0296,37
5429,1.7160000000000019e-07,0.0296,37
5430,1.7200000000000022e-07,0.0304,38
5431,1.7240000000000025e-07,0.031200000000000002,39
5432,1.7280000000000028e-07,0.0296,37
5433,1.732000000000003e-07,0.0296,37
5434,1.7360000000000034e-07,0.0296,37
5435,1.7400000000000037e-07,0.0296,37
5436,1.7439999999999997e-07,0.0296,37
5437,1.748e-07,0.028800000000000003,36
5438,1.7520000000000003e-07,0.0296,37
5439,1.7560000000000006e-07,0.0296,37
5440,1.760000000000001e-07,0.028800000000000003,36
5441,1.7640000000000012e-07,0.028800000000000003,36
5442,1.7680000000000015e-07,0.0304,38
5443,1.7720000000000018e-07,0.0296,37
5444,1.7760000000000021e-07,0.0296,37
5445,1.7800000000000024e-07,0.0304,38
5446,1.7840000000000027e-07,0.0296,37
5447,1.788000000000003e-07,0.0296,37
5448,1.7920000000000033e-07,0.0296,37
5449,1.7960000000000036e-07,0.0296,37
5450,1.7999999999999997e-07,0.028800000000000003,36
5451,1.804e-07,0.0296,37
5452,1.8080000000000003e-07,0.0304,38
5453,1.8120000000000006e-07,0.0296,37
5454,1.816000000000001e-07,0.0296,37
5455,1.8200000000000012e-07,0.0296,37
5456,1.8240000000000015e-07,0.0304,38
5457,1.8280000000000018e-07,0.0296,37
5458,1.832000000000002e-07,0.0296,37
5459,1.8360000000000024e-07,0.028800000000000003,36
5460,1.8400000000000027e-07,0.028800000000000003,36
5461,1.844000000000003e-07,0.0296,37
5462,1.8480000000000033e-07,0.0296,37
5463,1.8520000000000036e-07,0.0296,37
5464,1.8559999999999997e-07,0.028800000000000003,36
5465,1.86e-07,0.028800000000000003,36
5466,1.8640000000000003e-07,0.028,35
5467,1.8680000000000006e-07,0.028800000000000003,36
5468,1.872000000000001e-07,0.0296,37
5469,1.8760000000000012e-07,0.0296,37
5470,1.8800000000000015e-07,0.028800000000000003,36
5471,1.8840000000000018e-07,0.028800000000000003,36
5472,1.888000000000002e-07,0.028800000000000003,36
5473,1.8920000000000024e-07,0.028800000000000003,36
5474,1.8960000000000027e-07,0.0296,37
5475,1.900000000000003e-07,0.0296,37
5476,1.9040000000000033e-07,0.028800000000000003,36
5477,1.9080000000000036e-07,0.028800000000000003,36
5478,1.9119999999999997e-07,0.028800000000000003,36
5479,1.916e-07,0.028800000000000003,36
5480,1.9200000000000003e-07,0.028,35
5481,1.9240000000000006e-07,0.028800000000000003,36
5482,1.9280000000000009e-07,0.028800000000000003,36
5483,1.9320000000000012e-07,0.0296,37
5484,1.9360000000000015e-07,0.0304,38
5485,1.9400000000000018e-07,0.0304,38
5486,1.944000000000002e-07,0.0304,38
5487,1.9480000000000024e-07,0.0304,38
5488,1.9520000000000027e-07,0.0304,38
5489,1.956000000000003e-07,0.0296,37
5490,1.9600000000000033e-07,0.0296,37
5491,1.9640000000000036e-07,0.0296,37
5492,1.9679999999999996e-07,0.0296,37
5493,1.972e-07,0.0304,38
5494,1.9760000000000002e-07,0.0296,37
5495,1.9800000000000005e-07,0.0296,37
5496,1.9840000000000008e-07,0.0296,37
5497,1.988000000000001e-07,0.0296,37
5498,1.9920000000000014e-07,0.0304,38
5499,1.9960000000000017e-07,0.0304,38
5500,2.000000000000002e-07,0.031200000000000002,39
5501,2.0040000000000023e-07,0.0304,38
5502,2.0080000000000026e-07,0.0304,38
5503,2.012000000000003e-07,0.0296,37
5504,2.0160000000000032e-07,0.028800000000000003,36
5505,2.0200000000000035e-07,0.0296,37
5506,2.0239999999999996e-07,0.0304,38
5507,2.028e-07,0.0296,37
5508,2.0320000000000002e-07,0.0304,38
5509,2.0360000000000005e-07,0.0296,37
5510,2.0400000000000008e-07,0.0296,37
5511,2.044000000000001e-07,0.0296,37
5512,2.0480000000000014e-07,0.0296,37
5513,2.0520000000000017e-07,0.0296,37
5514,2.056000000000002e-07,0.0296,37
5515,2.0600000000000023e-07,0.0296,37
5516,2.0640000000000026e-07,0.0296,37
5517,2.068000000000003e-07,0.0296,37
5518,2.0720000000000032e-07,0.0296,37
5519,2.0760000000000035e-07,0.028800000000000003,36
5520,2.0800000000000038e-07,0.0296,37
5521,2.0839999999999999e-07,0.0296,37
5522,2.0880000000000002e-07,0.0296,37
5523,2.0920000000000005e-07,0.0296,37
5524,2.0960000000000008e-07,0.0296,37
5525,2.100000000000001e-07,0.028800000000000003,36
5526,2.1040000000000014e-07,0.0296,37
5527,2.1080000000000017e-07,0.028800000000000003,36
5528,2.112000000000002e-07,0.0296,37
5529,2.1160000000000023e-07,0.028800000000000003,36
5530,2.1200000000000026e-07,0.028,35
5531,2.124000000000003e-07,0.028800000000000003,36
5532,2.1280000000000032e-07,0.028800000000000003,36
5533,2.1320000000000035e-07,0.028800000000000003,36
5534,2.1360000000000038e-07,0.0296,37
5535,2.1399999999999998e-07,0.0296,37
5536,2.1440000000000001e-07,0.028800000000000003,36
5537,2.1480000000000004e-07,0.0296,37
5538,2.1520000000000007e-07,0.0296,37
5539,2.156000000000001e-07,0.0296,37
5540,2.1600000000000013e-07,0.0296,37
5541,2.1640000000000016e-07,0.0296,37
5542,2.168000000000002e-07,0.0296,37
5543,2.1720000000000022e-07,0.028800000000000003,36
5544,2.1760000000000025e-07,0.028800000000000003,36
5545,2.1800000000000028e-07,0.0296,37
5546,2.1840000000000031e-07,0.0296,37
5547,2.1880000000000034e-07,0.0296,37
5548,2.1920000000000037e-07,0.0296,37
5549,2.1959999999999998e-07,0.0296,37
5550,2.2e-07,0.028800000000000003,36
5551,2.2040000000000004e-07,0.0296,37
5552,2.2080000000000007e-07,0.0296,37
5553,2.212000000000001e-07,0.0296,37
5554,2.2160000000000013e-07,0.0296,37
5555,2.2200000000000016e-07,0.028800000000000003,36
5556,2.224000000000002e-07,0.028800000000000003,36
5557,2.2280000000000022e-07,0.028800000000000003,36
5558,2.2320000000000025e-07,0.028800000000000003,36
5559,2.2360000000000028e-07,0.0296,37
5560,2.240000000000003e-07,0.0304,38
5561,2.2440000000000034e-07,0.028800000000000003,36
5562,2.2480000000000037e-07,0.0296,37
5563,2.2519999999999998e-07,0.0296,37
5564,2.256e-07,0.028800000000000003,36
5565,2.2600000000000004e-07,0.0296,37
5566,2.2640000000000007e-07,0.0296,37
5567,2.268000000000001e-07,0.0296,37
5568,2.2720000000000013e-07,0.0296,37
5569,2.2760000000000016e-07,0.0296,37
5570,2.280000000000002e-07,0.0296,37
5571,2.2840000000000022e-07,0.0296,37
5572,2.2880000000000025e-07,0.0296,37
5573,2.2920000000000028e-07,0.0296,37
5574,2.296000000000003e-07,0.0296,37
5575,2.3000000000000034e-07,0.0296,37
5576,2.3040000000000037e-07,0.0296,37
5577,2.3079999999999998e-07,0.0296,37
5578,2.312e-07,0.0296,37
5579,2.3160000000000004e-07,0.0296,37
5580,2.3200000000000007e-07,0.0296,37
5581,2.324000000000001e-07,0.0296,37
5582,2.3280000000000013e-07,0.0304,38
5583,2.3320000000000016e-07,0.0296,37
5584,2.3360000000000019e-07,0.0304,38
5585,2.3400000000000022e-07,0.0296,37
5586,2.3440000000000025e-07,0.0296,37
5587,2.3480000000000028e-07,0.028800000000000003,36
5588,2.352000000000003e-07,0.028800000000000003,36
5589,2.3560000000000034e-07,0.028800000000000003,36
5590,2.3600000000000037e-07,0.0296,37
5591,2.3639999999999997e-07,0.0296,37
5592,2.368e-07,0.0296,37
5593,2.3720000000000003e-07,0.0304,38
5594,2.3760000000000006e-07,0.0296,37
5595,2.380000000000001e-07,0.0304,38
5596,2.3840000000000012e-07,0.0296,37
5597,2.3880000000000015e-07,0.0296,37
5598,2.392000000000002e-07,0.0304,38
5599,2.396000000000002e-07,0.0296,37
5600,2.4000000000000024e-07,0.0296,37
5601,2.4040000000000027e-07,0.028800000000000003,36
5602,2.408000000000003e-07,0.0296,37
5603,2.4120000000000033e-07,0.0296,37
5604,2.4160000000000036e-07,0.0296,37
5605,2.4199999999999997e-07,0.028800000000000003,36
5606,2.424e-07,0.028,35
5607,2.4280000000000003e-07,0.028800000000000003,36
5608,2.4320000000000006e-07,0.0296,37
5609,2.436000000000001e-07,0.0296,37
5610,2.440000000000001e-07,0.0296,37
5611,2.4440000000000015e-07,0.0296,37
5612,2.448000000000002e-07,0.0296,37
5613,2.452000000000002e-07,0.0296,37
5614,2.4560000000000024e-07,0.028800000000000003,36
5615,2.4600000000000027e-07,0.0296,37
5616,2.464000000000003e-07,0.028800000000000003,36
5617,2.4680000000000033e-07,0.0296,37
5618,2.4720000000000036e-07,0.028800000000000003,36
5619,2.4759999999999997e-07,0.028800000000000003,36
5620,2.48e-07,0.0304,38
5621,2.4840000000000003e-07,0.0296,37
5622,2.4880000000000006e-07,0.0296,37
5623,2.492000000000001e-07,0.0296,37
5624,2.496000000000001e-07,0.0296,37
5625,2.5000000000000015e-07,0.0296,37
5626,2.504000000000002e-07,0.028800000000000003,36
5627,2.508000000000002e-07,0.028800000000000003,36
5628,2.5120000000000024e-07,0.0296,37
5629,2.5160000000000027e-07,0.0296,37
5630,2.520000000000003e-07,0.0304,38
5631,2.5240000000000033e-07,0.0304,38
5632,2.5280000000000036e-07,0.0296,37
5633,2.5319999999999996e-07,0.0296,37
5634,2.536e-07,0.0296,37
5635,2.54e-07,0.0296,37
5636,2.5440000000000005e-07,0.028800000000000003,36
5637,2.548000000000001e-07,0.0296,37
5638,2.552000000000001e-07,0.028800000000000003,36
5639,2.5560000000000014e-07,0.0296,37
5640,2.560000000000002e-07,0.028800000000000003,36
5641,2.564000000000002e-07,0.0296,37
5642,2.5680000000000023e-07,0.0296,37
5643,2.5720000000000026e-07,0.0304,38
5644,2.576000000000003e-07,0.0296,37
5645,2.580000000000003e-07,0.0304,38
5646,2.5840000000000036e-07,0.028800000000000003,36
5647,2.5879999999999996e-07,0.028800000000000003,36
5648,2.592e-07,0.0296,37
5649,2.596e-07,0.0296,37
5650,2.6000000000000005e-07,0.028800000000000003,36
5651,2.604000000000001e-07,0.0296,37
5652,2.608000000000001e-07,0.0304,38
5653,2.6120000000000014e-07,0.0296,37
5654,2.6160000000000017e-07,0.0296,37
5655,2.620000000000002e-07,0.0296,37
5656,2.6240000000000023e-07,0.0296,37
5657,2.6280000000000026e-07,0.0296,37
5658,2.632000000000003e-07,0.0296,37
5659,2.636000000000003e-07,0.0296,37
5660,2.6400000000000035e-07,0.028800000000000003,36
5661,2.644000000000004e-07,0.0296,37
5662,2.648e-07,0.028800000000000003,36
5663,2.652e-07,0.028800000000000003,36
5664,2.6560000000000005e-07,0.028800000000000003,36
5665,2.660000000000001e-07,0.028800000000000003,36
5666,2.664000000000001e-07,0.028800000000000003,36
5667,2.6680000000000014e-07,0.0304,38
5668,2.6720000000000017e-07,0.0296,37
5669,2.676000000000002e-07,0.0296,37
5670,2.6800000000000023e-07,0.028800000000000003,36
5671,2.6840000000000026e-07,0.0296,37
5672,2.688000000000003e-07,0.028800000000000003,36
5673,2.692000000000003e-07,0.0296,37
5674,2.6960000000000035e-07,0.0296,37
5675,2.700000000000004e-07,0.0296,37
5676,2.704e-07,0.028800000000000003,36
5677,2.708e-07,0.0296,37
5678,2.7120000000000005e-07,0.028800000000000003,36
5679,2.716000000000001e-07,0.028800000000000003,36
5680,2.720000000000001e-07,0.0296,37
5681,2.7240000000000014e-07,0.028800000000000003,36
5682,2.7280000000000017e-07,0.028800000000000003,36
5683,2.732000000000002e-07,0.0296,37
5684,2.7360000000000023e-07,0.0296,37
5685,2.7400000000000026e-07,0.0296,37
5686,2.744000000000003e-07,0.0296,37
5687,2.748000000000003e-07,0.0296,37
5688,2.7520000000000035e-07,0.028800000000000003,36
5689,2.756000000000004e-07,0.0296,37
5690,2.76e-07,0.0296,37
5691,2.764e-07,0.0296,37
5692,2.7680000000000004e-07,0.0296,37
5693,2.7720000000000007e-07,0.0296,37
5694,2.776000000000001e-07,0.0296,37
5695,2.7800000000000013e-07,0.0296,37
5696,2.7840000000000016e-07,0.028800000000000003,36
5697,2.788000000000002e-07,0.0296,37
5698,2.792000000000002e-07,0.028800000000000003,36
5699,2.7960000000000025e-07,0.0296,37
5700,2.800000000000003e-07,0.0296,37
5701,2.804000000000003e-07,0.028800000000000003,36
5702,2.8080000000000034e-07,0.0296,37
5703,2.812000000000004e-07,0.0296,37
5704,2.816e-07,0.0296,37
5705,2.82e-07,0.0296,37
5706,2.8240000000000004e-07,0.0296,37
5707,2.8280000000000007e-07,0.0296,37
5708,2.832000000000001e-07,0.0296,37
5709,2.8360000000000013e-07,0.0296,37
5710,2.8400000000000016e-07,0.0296,37
5711,2.844000000000002e-07,0.0304,38
5712,2.848000000000002e-07,0.028800000000000003,36
5713,2.8520000000000025e-07,0.0304,38
5714,2.856000000000003e-07,0.028800000000000003,36
5715,2.860000000000003e-07,0.0296,37
5716,2.8640000000000034e-07,0.0296,37
5717,2.8680000000000037e-07,0.0296,37
5718,2.872e-07,0.0304,38
5719,2.876e-07,0.0296,37
5720,2.8800000000000004e-07,0.028800000000000003,36
5721,2.8840000000000007e-07,0.0296,37
5722,2.888000000000001e-07,0.0296,37
5723,2.8920000000000013e-07,0.0296,37
5724,2.8960000000000016e-07,0.0296,37
5725,2.900000000000002e-07,0.0296,37
5726,2.904000000000002e-07,0.0296,37
5727,2.9080000000000025e-07,0.0296,37
5728,2.912000000000003e-07,0.0304,38
5729,2.916000000000003e-07,0.0296,37
5730,2.9200000000000034e-07,0.028800000000000003,36
5731,2.9240000000000037e-07,0.028800000000000003,36
5732,2.928e-07,0.028800000000000003,36
5733,2.932e-07,0.0296,37
5734,2.9360000000000003e-07,0.0296,37
5735,2.9400000000000007e-07,0.0296,37
5736,2.944000000000001e-07,0.0296,37
5737,2.948000000000001e-07,0.0304,38
5738,2.9520000000000016e-07,0.0296,37
5739,2.956000000000002e-07,0.028800000000000003,36
5740,2.960000000000002e-07,0.028800000000000003,36
5741,2.9640000000000025e-07,0.028800000000000003,36
5742,2.968000000000003e-07,0.0296,37
5743,2.972000000000003e-07,0.0296,37
5744,2.9760000000000034e-07,0.028,35
5745,2.9800000000000037e-07,0.0296,37
5746,2.9839999999999997e-07,0.0296,37
5747,2.988e-07,0.0296,37
5748,2.9920000000000003e-07,0.028800000000000003,36
5749,2.9960000000000006e-07,0.028800000000000003,36
5750,3.000000000000001e-07,0.028800000000000003,36
5751,3.004000000000001e-07,0.0296,37
5752,3.0080000000000015e-07,0.0296,37
5753,3.012000000000002e-07,0.0296,37
5754,3.016000000000002e-07,0.0296,37
5755,3.0200000000000024e-07,0.028800000000000003,36
5756,3.0240000000000027e-07,0.028800000000000003,36
5757,3.028000000000003e-07,0.0296,37
5758,3.0320000000000033e-07,0.0296,37
5759,3.0360000000000036e-07,0.028800000000000003,36
5760,3.0399999999999997e-07,0.0296,37
5761,3.044e-07,0.028,35
5762,3.0480000000000003e-07,0.0296,37
5763,3.0520000000000006e-07,0.028800000000000003,36
5764,3.056000000000001e-07,0.028800000000000003,36
5765,3.060000000000001e-07,0.028,35
5766,3.0640000000000015e-07,0.028,35
5767,3.068000000000002e-07,0.028800000000000003,36
5768,3.072000000000002e-07,0.0296,37
5769,3.0760000000000024e-07,0.0296,37
5770,3.0800000000000027e-07,0.0296,37
5771,3.084000000000003e-07,0.028800000000000003,36
5772,3.0880000000000033e-07,0.028800000000000003,36
5773,3.0920000000000036e-07,0.028800000000000003,36
5774,3.0959999999999997e-07,0.028800000000000003,36
5775,3.1e-07,0.028800000000000003,36
5776,3.1040000000000003e-07,0.0296,37
5777,3.1080000000000006e-07,0.0296,37
5778,3.112000000000001e-07,0.0296,37
5779,3.116000000000001e-07,0.0296,37
5780,3.1200000000000015e-07,0.0296,37
5781,3.124000000000002e-07,0.0296,37
5782,3.128000000000002e-07,0.028800000000000003,36
5783,3.1320000000000024e-07,0.028800000000000003,36
5784,3.1360000000000027e-07,0.028800000000000003,36
5785,3.140000000000003e-07,0.0296,37
5786,3.1440000000000033e-07,0.0296,37
5787,3.1480000000000036e-07,0.0296,37
5788,3.1519999999999996e-07,0.0296,37
5789,3.156e-07,0.0296,37
5790,3.16e-07,0.0304,38
5791,3.1640000000000005e-07,0.028800000000000003,36
5792,3.168000000000001e-07,0.0296,37
5793,3.172000000000001e-07,0.0296,37
5794,3.1760000000000014e-07,0.0296,37
5795,3.180000000000002e-07,0.0296,37
5796,3.184000000000002e-07,0.0296,37
5797,3.1880000000000023e-07,0.0296,37
5798,3.1920000000000026e-07,0.0296,37
5799,3.196000000000003e-07,0.0296,37
5800,3.200000000000003e-07,0.0296,37
5801,3.2040000000000035e-07,0.0296,37
5802,3.208000000000004e-07,0.0296,37
5803,3.212e-07,0.0304,38
5804,3.216e-07,0.0296,37
5805,3.2200000000000005e-07,0.0296,37
5806,3.224000000000001e-07,0.028800000000000003,36
5807,3.228000000000001e-07,0.0296,37
5808,3.2320000000000014e-07,0.0296,37
5809,3.2360000000000017e-07,0.0296,37
5810,3.240000000000002e-07,0.0296,37
5811,3.2440000000000023e-07,0.0296,37
5812,3.2480000000000026e-07,0.0304,38
5813,3.252000000000003e-07,0.0296,37
5814,3.256000000000003e-07,0.0296,37
5815,3.2600000000000035e-07,0.0296,37
5816,3.264000000000004e-07,0.028800000000000003,36
5817,3.268e-07,0.028800000000000003,36
5818,3.272e-07,0.0296,37
5819,3.2760000000000005e-07,0.0296,37
5820,3.280000000000001e-07,0.0304,38
5821,3.284000000000001e-07,0.0304,38
5822,3.2880000000000014e-07,0.028800000000000003,36
5823,3.2920000000000017e-07,0.0296,37
5824,3.296000000000002e-07,0.0296,37
5825,3.3000000000000023e-07,0.0296,37
5826,3.3040000000000026e-07,0.028800000000000003,36
5827,3.308000000000003e-07,0.0296,37
5828,3.312000000000003e-07,0.0296,37
5829,3.3160000000000035e-07,0.028800000000000003,36
5830,3.320000000000004e-07,0.028800000000000003,36
5831,3.324e-07,0.028800000000000003,36
5832,3.328e-07,0.028800000000000003,36
5833,3.3320000000000005e-07,0.0296,37
5834,3.336000000000001e-07,0.0304,38
5835,3.340000000000001e-07,0.0296,37
5836,3.3440000000000014e-07,0.0296,37
5837,3.3480000000000017e-07,0.028800000000000003,36
5838,3.352000000000002e-07,0.0304,38
5839,3.356000000000002e-07,0.0296,37
5840,3.3600000000000026e-07,0.0296,37
5841,3.364000000000003e-07,0.0296,37
5842,3.368000000000003e-07,0.0296,37
5843,3.3720000000000035e-07,0.028800000000000003,36
5844,3.376000000000004e-07,0.0296,37
5845,3.38e-07,0.028800000000000003,36
5846,3.384e-07,0.0296,37
5847,3.3880000000000004e-07,0.0296,37
5848,3.3920000000000007e-07,0.0296,37
5849,3.396000000000001e-07,0.0296,37
5850,3.4000000000000013e-07,0.0296,37
5851,3.4040000000000016e-07,0.0296,37
5852,3.408000000000002e-07,0.0296,37
5853,3.412000000000002e-07,0.028800000000000003,36
5854,3.4160000000000025e-07,0.028800000000000003,36
5855,3.420000000000003e-07,0.0296,37
5856,3.424000000000003e-07,0.028800000000000003,36
5857,3.4280000000000034e-07,0.0296,37
5858,3.4320000000000037e-07,0.0296,37
5859,3.436e-07,0.028800000000000003,36
5860,3.44e-07,0.0296,37
5861,3.4440000000000004e-07,0.0304,38
5862,3.4480000000000007e-07,0.0304,38
5863,3.452000000000001e-07,0.0296,37
5864,3.4560000000000013e-07,0.0296,37
5865,3.4600000000000016e-07,0.028800000000000003,36
5866,3.464000000000002e-07,0.0296,37
5867,3.468000000000002e-07,0.0296,37
5868,3.4720000000000025e-07,0.0296,37
5869,3.476000000000003e-07,0.028800000000000003,36
5870,3.480000000000003e-07,0.028,35
5871,3.4840000000000034e-07,0.0296,37
5872,3.4880000000000037e-07,0.028800000000000003,36
5873,3.492e-07,0.0296,37
5874,3.496e-07,0.0296,37
5875,3.5000000000000004e-07,0.028800000000000003,36
5876,3.5040000000000007e-07,0.028800000000000003,36
5877,3.508000000000001e-07,0.028800000000000003,36
5878,3.5120000000000013e-07,0.0296,37
5879,3.5160000000000016e-07,0.0304,38
5880,3.520000000000002e-07,0.0304,38
5881,3.524000000000002e-07,0.0296,37
5882,3.5280000000000025e-07,0.028800000000000003,36
5883,3.532000000000003e-07,0.028800000000000003,36
5884,3.536000000000003e-07,0.0296,37
5885,3.5400000000000034e-07,0.0296,37
5886,3.5440000000000037e-07,0.0296,37
5887,3.548e-07,0.0296,37
5888,3.552e-07,0.0296,37
5889,3.5560000000000003e-07,0.0296,37
5890,3.5600000000000006e-07,0.028800000000000003,36
5891,3.564000000000001e-07,0.028800000000000003,36
5892,3.568000000000001e-07,0.0296,37
5893,3.5720000000000015e-07,0.028800000000000003,36
5894,3.576000000000002e-07,0.028800000000000003,36
5895,3.580000000000002e-07,0.0296,37
5896,3.5840000000000024e-07,0.0296,37
5897,3.588000000000003e-07,0.028800000000000003,36
5898,3.592000000000003e-07,0.0296,37
5899,3.5960000000000033e-07,0.028800000000000003,36
5900,3.6000000000000036e-07,0.0296,37
5901,3.6039999999999997e-07,0.0296,37
5902,3.608e-07,0.0296,37
5903,3.6120000000000003e-07,0.028800000000000003,36
5904,3.6160000000000006e-07,0.028800000000000003,36
5905,3.620000000000001e-07,0.028800000000000003,36
5906,3.624000000000001e-07,0.0296,37
5907,3.6280000000000015e-07,0.0304,38
5908,3.632000000000002e-07,0.0296,37
5909,3.636000000000002e-07,0.0296,37
5910,3.6400000000000024e-07,0.0296,37
5911,3.6440000000000027e-07,0.028800000000000003,36
5912,3.648000000000003e-07,0.0296,37
5913,3.6520000000000033e-07,0.0296,37
5914,3.6560000000000036e-07,0.028800000000000003,36
5915,3.6599999999999997e-07,0.0296,37
5916,3.664e-07,0.0296,37
5917,3.6680000000000003e-07,0.0296,37
5918,3.6720000000000006e-07,0.028800000000000003,36
5919,3.676000000000001e-07,0.0296,37
5920,3.680000000000001e-07,0.0304,38
5921,3.6840000000000015e-07,0.0296,37
5922,3.688000000000002e-07,0.028800000000000003,36
5923,3.692000000000002e-07,0.028800000000000003,36
5924,3.6960000000000024e-07,0.0296,37
5925,3.7000000000000027e-07,0.0296,37
5926,3.704000000000003e-07,0.028800000000000003,36
5927,3.7080000000000033e-07,0.0296,37
5928,3.7120000000000036e-07,0.0296,37
5929,3.7159999999999997e-07,0.0296,37
5930,3.72e-07,0.0296,37
5931,3.724e-07,0.0296,37
5932,3.7280000000000006e-07,0.0296,37
5933,3.732000000000001e-07,0.0296,37
5934,3.736000000000001e-07,0.028800000000000003,36
5935,3.7400000000000015e-07,0.0296,37
5936,3.744000000000002e-07,0.028800000000000003,36
5937,3.748000000000002e-07,0.0296,37
5938,3.7520000000000024e-07,0.0304,38
5939,3.7560000000000027e-07,0.028800000000000003,36
5940,3.760000000000003e-07,0.0296,37
5941,3.764000000000003e-07,0.0296,37
5942,3.7680000000000036e-07,0.0296,37
5943,3.772000000000004e-07,0.0296,37
5944,3.776e-07,0.028,35
5945,3.78e-07,0.028800000000000003,36
5946,3.7840000000000005e-07,0.0296,37
5947,3.788000000000001e-07,0.0296,37
5948,3.792000000000001e-07,0.028800000000000003,36
5949,3.7960000000000014e-07,0.0296,37
5950,3.8000000000000017e-07,0.0296,37
5951,3.804000000000002e-07,0.0296,37
5952,3.8080000000000023e-07,0.0296,37
5953,3.8120000000000026e-07,0.0296,37
5954,3.816000000000003e-07,0.0296,37
5955,3.820000000000003e-07,0.0304,38
5956,3.8240000000000035e-07,0.0296,37
5957,3.828000000000004e-07,0.028800000000000003,36
5958,3.832e-07,0.0296,37
5959,3.836e-07,0.0304,38
5960,3.8400000000000005e-07,0.0296,37
5961,3.844000000000001e-07,0.0296,37
5962,3.848000000000001e-07,0.0296,37
5963,3.8520000000000014e-07,0.028800000000000003,36
5964,3.8560000000000017e-07,0.0296,37
5965,3.860000000000002e-07,0.0296,37
5966,3.8640000000000023e-07,0.0296,37
5967,3.8680000000000026e-07,0.0296,37
5968,3.872000000000003e-07,0.0296,37
5969,3.876000000000003e-07,0.0296,37
5970,3.8800000000000035e-07,0.0296,37
5971,3.884000000000004e-07,0.0296,37
5972,3.888e-07,0.0296,37
5973,3.892e-07,0.0296,37
5974,3.8960000000000005e-07,0.0296,37
5975,3.900000000000001e-07,0.0296,37
5976,3.904000000000001e-07,0.0296,37
5977,3.9080000000000014e-07,0.0304,38
5978,3.9120000000000017e-07,0.0296,37
5979,3.916000000000002e-07,0.0296,37
5980,3.9200000000000023e-07,0.0296,37
5981,3.9240000000000026e-07,0.0296,37
5982,3.928000000000003e-07,0.028800000000000003,36
5983,3.932000000000003e-07,0.0296,37
5984,3.9360000000000035e-07,0.0296,37
5985,3.940000000000004e-07,0.0304,38
5986,3.944e-07,0.0304,38
5987,3.948e-07,0.0296,37
5988,3.9520000000000004e-07,0.0296,37
5989,3.956000000000001e-07,0.028800000000000003,36
5990,3.960000000000001e-07,0.0296,37
5991,3.9640000000000013e-07,0.028800000000000003,36
5992,3.9680000000000017e-07,0.0296,37
5993,3.972000000000002e-07,0.0296,37
5994,3.976000000000002e-07,0.0296,37
5995,3.9800000000000026e-07,0.0296,37
5996,3.984000000000003e-07,0.028800000000000003,36
5997,3.988000000000003e-07,0.0296,37
5998,3.9920000000000035e-07,0.0296,37
5999,3.996000000000004e-07,0.0296,37
6000,4e-07,0.0296,37
6001,4.004e-07,0.0296,37
6002,4.0080000000000004e-07,0.0296,37
6003,4.0120000000000007e-07,0.0296,37
6004,4.016000000000001e-07,0.0296,37
6005,4.0200000000000013e-07,0.0304,38
6006,4.0240000000000016e-07,0.0296,37
6007,4.028000000000002e-07,0.0296,37
6008,4.032000000000002e-07,0.0296,37
6009,4.0360000000000025e-07,0.0296,37
6010,4.040000000000003e-07,0.0296,37
6011,4.044000000000003e-07,0.0296,37
6012,4.0480000000000034e-07,0.0296,37
6013,4.0520000000000037e-07,0.0296,37
6014,4.056e-07,0.0296,37
6015,4.06e-07,0.0296,37
6016,4.0640000000000004e-07,0.0296,37
6017,4.0680000000000007e-07,0.0296,37
6018,4.072000000000001e-07,0.0296,37
6019,4.0760000000000013e-07,0.0304,38
6020,4.0800000000000016e-07,0.028800000000000003,36
6021,4.084000000000002e-07,0.0296,37
6022,4.088000000000002e-07,0.0296,37
6023,4.0920000000000025e-07,0.0296,37
6024,4.096000000000003e-07,0.028800000000000003,36
6025,4.100000000000003e-07,0.028800000000000003,36
6026,4.1040000000000034e-07,0.0296,37
6027,4.1080000000000037e-07,0.028800000000000003,36
6028,4.112e-07,0.028800000000000003,36
6029,4.116e-07,0.028800000000000003,36
6030,4.1200000000000004e-07,0.028800000000000003,36
6031,4.1240000000000007e-07,0.028800000000000003,36
6032,4.128000000000001e-07,0.0296,37
6033,4.1320000000000013e-07,0.0296,37
6034,4.1360000000000016e-07,0.028800000000000003,36
6035,4.140000000000002e-07,0.0296,37
6036,4.144000000000002e-07,0.028,35
6037,4.1480000000000025e-07,0.028800000000000003,36
6038,4.152000000000003e-07,0.0296,37
6039,4.156000000000003e-07,0.0296,37
6040,4.1600000000000034e-07,0.0296,37
6041,4.1640000000000037e-07,0.0296,37
6042,4.1679999999999997e-07,0.0296,37
6043,4.172e-07,0.0296,37
6044,4.1760000000000003e-07,0.028800000000000003,36
6045,4.1800000000000006e-07,0.0296,37
6046,4.184000000000001e-07,0.028800000000000003,36
6047,4.188000000000001e-07,0.0296,37
6048,4.1920000000000015e-07,0.0296,37
6049,4.196000000000002e-07,0.0296,37
6050,4.200000000000002e-07,0.0296,37
6051,4.2040000000000024e-07,0.0296,37
6052,4.208000000000003e-07,0.0296,37
6053,4.212000000000003e-07,0.0304,38
6054,4.2160000000000033e-07,0.0296,37
6055,4.2200000000000036e-07,0.0304,38
6056,4.2239999999999997e-07,0.0296,37
6057,4.228e-07,0.0296,37
6058,4.2320000000000003e-07,0.0296,37
6059,4.2360000000000006e-07,0.0296,37
6060,4.240000000000001e-07,0.028800000000000003,36
6061,4.244000000000001e-07,0.0304,38
6062,4.2480000000000015e-07,0.0296,37
6063,4.252000000000002e-07,0.0296,37
6064,4.256000000000002e-07,0.0296,37
6065,4.2600000000000024e-07,0.0296,37
6066,4.2640000000000027e-07,0.0296,37
6067,4.268000000000003e-07,0.028800000000000003,36
6068,4.2720000000000033e-07,0.0296,37
6069,4.2760000000000036e-07,0.0304,38
6070,4.2799999999999997e-07,0.0304,38
6071,4.284e-07,0.0296,37
6072,4.2880000000000003e-07,0.0296,37
6073,4.2920000000000006e-07,0.028800000000000003,36
6074,4.296000000000001e-07,0.028800000000000003,36
6075,4.300000000000001e-07,0.0296,37
6076,4.3040000000000015e-07,0.028800000000000003,36
6077,4.308000000000002e-07,0.028800000000000003,36
6078,4.312000000000002e-07,0.0296,37
6079,4.3160000000000024e-07,0.031200000000000002,39
6080,4.3200000000000027e-07,0.0296,37
6081,4.324000000000003e-07,0.0296,37
6082,4.3280000000000033e-07,0.028800000000000003,36
6083,4.3320000000000036e-07,0.028800000000000003,36
6084,4.336000000000004e-07,0.0296,37
6085,4.34e-07,0.0296,37
6086,4.344e-07,0.0296,37
6087,4.3480000000000006e-07,0.028800000000000003,36
6088,4.352000000000001e-07,0.0296,37
6089,4.356000000000001e-07,0.028800000000000003,36
6090,4.3600000000000015e-07,0.0296,37
6091,4.364000000000002e-07,0.0296,37
6092,4.368000000000002e-07,0.0296,37
6093,4.3720000000000024e-07,0.028800000000000003,36
6094,4.3760000000000027e-07,0.028800000000000003,36
6095,4.380000000000003e-07,0.0296,37
6096,4.384000000000003e-07,0.0296,37
6097,4.3880000000000036e-07,0.0296,37
6098,4.392000000000004e-07,0.0296,37
6099,4.396e-07,0.028800000000000003,36
6100,4.4e-07,0.0296,37
6101,4.4040000000000005e-07,0.0296,37
6102,4.408000000000001e-07,0.0296,37
6103,4.412000000000001e-07,0.028800000000000003,36
6104,4.4160000000000014e-07,0.028800000000000003,36
6105,4.4200000000000017e-07,0.0296,37
6106,4.424000000000002e-07,0.028800000000000003,36
6107,4.4280000000000023e-07,0.028800000000000003,36
6108,4.4320000000000026e-07,0.028800000000000003,36
6109,4.436000000000003e-07,0.0296,37
6110,4.440000000000003e-07,0.0296,37
6111,4.4440000000000035e-07,0.0296,37
6112,4.448000000000004e-07,0.0304,38
6113,4.452e-07,0.0304,38
6114,4.456e-07,0.0296,37
6115,4.4600000000000005e-07,0.0296,37
6116,4.464000000000001e-07,0.028800000000000003,36
6117,4.468000000000001e-07,0.0296,37
6118,4.4720000000000014e-07,0.0296,37
6119,4.4760000000000017e-07,0.0296,37
6120,4.480000000000002e-07,0.028800000000000003,36
6121,4.4840000000000023e-07,0.0296,37
6122,4.4880000000000026e-07,0.0296,37
6123,4.492000000000003e-07,0.0296,37
6124,4.496000000000003e-07,0.0296,37
6125,4.5000000000000035e-07,0.0296,37
6126,4.504000000000004e-07,0.0296,37
6127,4.508e-07,0.0296,37
6128,4.512e-07,0.0296,37
6129,4.5160000000000005e-07,0.0296,37
6130,4.520000000000001e-07,0.028800000000000003,36
6131,4.524000000000001e-07,0.0296,37
6132,4.5280000000000014e-07,0.0296,37
6133,4.5320000000000017e-07,0.028800000000000003,36
6134,4.536000000000002e-07,0.028800000000000003,36
6135,4.5400000000000023e-07,0.028800000000000003,36
6136,4.5440000000000026e-07,0.028800000000000003,36
6137,4.548000000000003e-07,0.0304,38
6138,4.552000000000003e-07,0.0296,37
6139,4.5560000000000035e-07,0.0296,37
6140,4.560000000000004e-07,0.0296,37
6141,4.564e-07,0.0296,37
6142,4.568e-07,0.028800000000000003,36
6143,4.5720000000000004e-07,0.0296,37
6144,4.576000000000001e-07,0.0296,37
6145,4.580000000000001e-07,0.0296,37
6146,4.5840000000000013e-07,0.0296,37
6147,4.5880000000000016e-07,0.0296,37
6148,4.592000000000002e-07,0.0296,37
6149,4.596000000000002e-07,0.0296,37
6150,4.6000000000000025e-07,0.028800000000000003,36
6151,4.604000000000003e-07,0.028800000000000003,36
6152,4.608000000000003e-07,0.028800000000000003,36
6153,4.6120000000000034e-07,0.0296,37
6154,4.616000000000004e-07,0.0296,37
6155,4.62e-07,0.0296,37
6156,4.624e-07,0.0296,37
6157,4.6280000000000004e-07,0.0296,37
6158,4.6320000000000007e-07,0.0296,37
6159,4.636000000000001e-07,0.0296,37
6160,4.6400000000000013e-07,0.028800000000000003,36
6161,4.6440000000000016e-07,0.0296,37
6162,4.648000000000002e-07,0.0296,37
6163,4.652000000000002e-07,0.028800000000000003,36
6164,4.6560000000000025e-07,0.0296,37
6165,4.660000000000003e-07,0.0296,37
6166,4.664000000000003e-07,0.0296,37
6167,4.6680000000000034e-07,0.0296,37
6168,4.6720000000000037e-07,0.0296,37
6169,4.676e-07,0.0296,37
6170,4.68e-07,0.0296,37
6171,4.6840000000000004e-07,0.0296,37
6172,4.6880000000000007e-07,0.0296,37
6173,4.692000000000001e-07,0.0296,37
6174,4.6960000000000013e-07,0.0296,37
6175,4.7000000000000016e-07,0.028800000000000003,36
6176,4.704000000000002e-07,0.0304,38
6177,4.708000000000002e-07,0.0296,37
6178,4.7120000000000025e-07,0.028800000000000003,36
6179,4.716000000000003e-07,0.0296,37
6180,4.720000000000003e-07,0.0296,37
6181,4.7240000000000034e-07,0.028800000000000003,36
6182,4.7280000000000037e-07,0.028800000000000003,36
6183,4.732e-07,0.0296,37
6184,4.736e-07,0.028800000000000003,36
6185,4.7400000000000004e-07,0.0296,37
6186,4.7440000000000007e-07,0.0296,37
6187,4.748000000000001e-07,0.028800000000000003,36
6188,4.752000000000001e-07,0.0296,37
6189,4.7560000000000016e-07,0.028800000000000003,36
6190,4.760000000000002e-07,0.028800000000000003,36
6191,4.764000000000002e-07,0.028800000000000003,36
6192,4.7680000000000025e-07,0.0296,37
6193,4.772000000000003e-07,0.0296,37
6194,4.776000000000003e-07,0.028800000000000003,36
6195,4.780000000000003e-07,0.028800000000000003,36
6196,4.784000000000004e-07,0.028800000000000003,36
6197,4.788e-07,0.0296,37
6198,4.792e-07,0.0296,37
6199,4.796e-07,0.028800000000000003,36
6200,4.800000000000001e-07,0.0296,37
6201,4.804000000000001e-07,0.028800000000000003,36
6202,4.808000000000001e-07,0.028800000000000003,36
6203,4.812000000000002e-07,0.0296,37
6204,4.816000000000002e-07,0.0296,37
6205,4.820000000000002e-07,0.0296,37
6206,4.824000000000002e-07,0.0296,37
6207,4.828000000000003e-07,0.028800000000000003,36
6208,4.832000000000003e-07,0.028800000000000003,36
6209,4.836000000000003e-07,0.028800000000000003,36
6210,4.840000000000004e-07,0.0296,37
6211,4.844e-07,0.0296,37
6212,4.848e-07,0.028800000000000003,36
6213,4.852e-07,0.0296,37
6214,4.856000000000001e-07,0.0296,37
6215,4.860000000000001e-07,0.028800000000000003,36
6216,4.864000000000001e-07,0.028800000000000003,36
6217,4.868000000000002e-07,0.0296,37
6218,4.872000000000002e-07,0.028800000000000003,36
6219,4.876000000000002e-07,0.0296,37
6220,4.880000000000002e-07,0.0296,37
6221,4.884000000000003e-07,0.0296,37
6222,4.888000000000003e-07,0.0296,37
6223,4.892000000000003e-07,0.028800000000000003,36
6224,4.896000000000004e-07,0.028800000000000003,36
6225,4.900000000000004e-07,0.0296,37
6226,4.904e-07,0.0296,37
6227,4.908e-07,0.0296,37
6228,4.912000000000001e-07,0.028800000000000003,36
6229,4.916000000000001e-07,0.0296,37
6230,4.920000000000001e-07,0.0296,37
6231,4.924000000000001e-07,0.0296,37
6232,4.928000000000002e-07,0.028800000000000003,36
6233,4.932000000000002e-07,0.028800000000000003,36
6234,4.936000000000002e-07,0.0296,37
6235,4.940000000000003e-07,0.028800000000000003,36
6236,4.944000000000003e-07,0.028800000000000003,36
6237,4.948000000000003e-07,0.0296,37
6238,4.952000000000004e-07,0.0296,37
6239,4.956000000000004e-07,0.028800000000000003,36
6240,4.96e-07,0.0296,37
6241,4.964e-07,0.0296,37
6242,4.968000000000001e-07,0.0296,37
6243,4.972000000000001e-07,0.0296,37
6244,4.976000000000001e-07,0.028800000000000003,36
6245,4.980000000000001e-07,0.0304,38
6246,4.984000000000002e-07,0.0296,37
6247,4.988000000000002e-07,0.0296,37
6248,4.992000000000002e-07,0.0296,37
6249,4.996000000000003e-07,0.0296,37
